1,Moreno,357,T4117,MARIÑO
2,Güemes,22,T4146,KILOMETRO 66 (APEADERO FCGB)
3,Mitre,67,Y4622,MAIMARA
4,Chile,898,B2707,CUATRO DE NOVIEMBRE
5,Sarmiento,803,Z9013,CAÑADON SECO
6,Chile,492,B1742,BARRIO ARCO IRIS
7,Chile,543,W3476,JUSTINO SOLARI
8,Dorrego,664,B1888,BARRIO SAN NICOLAS
9,Saavedra,635,E3133,BARRANCAS COLORADAS
10,Dorrego,187,E3203,PEDERMAR
11,Sarmiento,456,X5129,MONTE DEL ROSARIO
12,Laprida,576,A4415,BARRIO NEGRO (MINAS)
13,Rivadavia,447,T4111,QUILMES (PALA PALA
14,French,662,G4203,CONZO
15,Sarmiento,165,P3634,MEDIA LUNA (LAGUNA YEMA
16,Pueyrredón,738,Y4600,JUJUY
17,Belgrano,940,B6031,FORTIN ACHA
18,Mitre,780,S3076,LAGUNA VERDE
19,Laprida,601,K4751,PUERTA DEL CORRAL QUEMADO
20,Güemes,382,B7116,PILA
21,San Martín,544,Q8375,ZULEMITA
22,Saavedra,922,G4613,SUNCHO POZO (BREA POZO
23,Moreno,586,S3046,LA JULIA
24,Alsina,411,B7601,SAN JOSE DE OTAMENDI
25,San Martín,219,P3632,POZO DEL MORTERO
26,Tucumán,587,X5223,CAROYA
27,O'Higgins,868,N3363,9 DE JULIO (ALBA POSSE
28,Sarmiento,317,R8520,BARRIO LAGUNA
29,Tucumán,738,M5603,LOS PEJES
30,Laprida,200,L8204,DIECISIETE DE AGOSTO
31,Belgrano,89,B6608,MAUENL JOSE GRACIA
32,Sarmiento,718,D5713,SAN PEDRO (CANDELARIA
33,España,45,U9200,ARROYO PESCADO
34,San Martín,518,K4700,BANDA VARELA
35,Sarmiento,171,F5276,NEPES
36,San Martín,616,Q8370,LA FORTUNA
37,Alberdi,884,D5763,GENERAL URQUIZA
38,Lavalle,970,W3416,EL SOMBRERO
39,Dorrego,785,W3414,YAGUA ROCAU
40,Sarmiento,800,D6279,LOS CHAÑARES (DIXONVILLE
41,España,384,Y4512,LOTE SAN ANTONIO
42,Alsina,389,R8422,MANCULLIQUE
43,Mitre,294,E3101,CAMPO RIQUELME
44,Pueyrredón,20,B2700,SANTA RITA (PERGAMINO
45,O'Higgins,483,L6361,LA MARIA (AGUSTONI
46,Tucumán,894,G5255,PUESTO DE ARRIBA
47,French,427,W3427,ORATORIO (MBURUCUYA
48,French,60,W3470,ARROYO GRANDE
49,San Martín,183,B6241,EMILIO V. BUNGE
50,Urquiza,359,X2572,LAS MERCEDITAS
51,Dorrego,448,X5947,VILLA SAN ESTEBAN
52,Chile,906,H3514,LAGUNA ESCONDIDA
53,Moreno,793,Y4608,SAN JUANCITO (EMBARCADERO FCGB)
54,French,646,S3023,PROGRESO
55,San Martín,578,W3196,SAN ROQUE (ESQUINA - DPTO. ESQUINA)
56,España,747,K4715,LAS BURRAS
57,Belgrano,850,R8400,LOS JUNCOS (DPTO. PILCANIYEU)
58,Urquiza,155,A4434,LA PUNTILLA
59,Belgrano,727,K5265,SAUCE DE LOS CEJAS
60,España,310,Y4641,DONCELLAS
61,Alberdi,526,X5120,CURAPALIGUE
62,Moreno,463,G4354,LA TAPA
63,San Martín,885,M5611,LOS PARLAMENTOS (APEADERO FCGSM)
64,Rivadavia,320,E3116,KILOMETRO 45 (APEADERO FCGU
65,Laprida,740,F5361,EL POTRERILLO (EL CHOCOY
66,Moreno,172,A4415,QUEBRADA DE ESCOIPE
67,Pueyrredón,131,A4423,PALMIRA
68,Mitre,343,W3416,KILOMETRO 476
69,España,767,G4338,EL FAVORITO
70,Saavedra,189,F5717,KILOMETRO 732 (APEADERO FCGB)
71,Sarmiento,699,N3386,PUERTO PRESIDENTE AVELLANEDA
72,Saavedra,219,H3543,ENRIQUE URIEN
73,Moreno,463,G4197,CORRAL QUEMADO
74,Laprida,527,X5900,BARRIO FLORENTINO AMEGHINO
75,Belgrano,670,G3749,NUEVO LIBANO
76,Dorrego,599,A4550,COLONIA OTOMANA
77,Saavedra,205,X5143,BARRIO MULLER
78,French,183,W3342,TAREIRI
79,French,636,P3604,GRAN GUARDIA
80,Alsina,135,T4142,LA CAÑADA (TACO RALO
81,Tucumán,792,E3269,HAMBIS
82,Dorrego,425,G4321,TRONCAL
83,San Martín,341,A4427,PAYOGASTILLA
84,Moreno,595,B8000,ADELA CORTI
85,Moreno,327,B2909,JUAN G. PUJOL
86,Mitre,865,W3480,BLANCO CUE
87,San Martín,603,X2426,LA FRANCIA
88,Pueyrredón,548,X5284,SANTA ANA (PASO VIEJO-DPTO.CRUZ DEL EJE)
89,Chile,712,Y4632,PUEBLO VIEJO
90,Dorrego,895,G5250,POZO ESCONDIDO
91,Belgrano,871,M5560,CAPIZ
92,Güemes,312,B1824,LANUS ESTAFETA No.10
93,Alsina,444,X5284,SOTO
94,Urquiza,901,W3344,MALEZAL (TORRENT
95,Lavalle,356,B6561,SAN BERNARDO (PDO. TAPALQUE)
96,Rivadavia,375,T4163,PUESTO NUEVO
97,Lavalle,503,G2356,DOÑA LORENZA
98,Tucumán,410,X5151,PUENTE NEGRO
99,Sarmiento,557,D5721,BEAZLEY
100,Tucumán,691,G4205,SAN BENITO (LAPRIDA-DPTO.CHOYA)
101,Belgrano,990,G4187,BOBADAL
102,San Martín,105,T4195,POZO LARGO
103,Urquiza,84,W3403,LAS PALMITAS (SAL LUIS DEL PALMAR
104,French,859,S2123,VILLA PORUCCI
105,French,642,X5236,EL CRESTON DE PIEDRA
106,Pueyrredón,603,S2200,LAS QUINTAS
107,Dorrego,317,T4182,COLMENA LOLITA
108,Saavedra,155,B1744,RIO ALEGRE DE CASCALLARES
109,Urquiza,36,G4353,DOLORES CENTRAL
110,Alberdi,226,B1763,BARRIO SAN IGNACIO (VIRREY DEL PINO
111,Alsina,297,S3046,NUEVA UKRANIA
112,O'Higgins,582,U9107,LAGUNA GRANDE (EMBARCADERO FCGR)
113,Tucumán,341,L6331,SAN MIGUEL (MIGUEL CANE
114,Saavedra,872,B1649,ARROYO CANCHA LARGA
115,Alsina,129,J5447,CUCHILLAZO
116,Pueyrredón,188,S2921,MORANTE
117,Mitre,523,S2635,CAÑADA DEL UCLE
118,Sarmiento,219,L6317,LOTE 5 (LUAN TORO
119,Dorrego,973,L6365,TRILI
120,Laprida,675,G4184,SAN PEDRO (POZO HONDO
121,Mitre,618,G4452,VINALITO
122,Alberdi,332,X5212,KILOMETRO 827 (APEADERO FCGB)
123,Urquiza,73,E1647,RIO GUTIERREZ
124,Urquiza,72,X5135,LAS AVERIAS
125,Alberdi,488,K4723,BAÑADO DE OVANTA
126,Laprida,434,A4444,LA ARMONIA (EL GALPON - DPTO. METAN)
127,Sarmiento,567,S3001,COLONIA SAN JOAQUIN
128,Mitre,88,E2821,COSTA URUGUAY
129,Pueyrredón,292,B7641,ENERGIA
130,Güemes,51,B1876,LA CAÑADA
131,Alberdi,907,E2826,URDINARRAIN
132,Dorrego,401,H3731,TRES ESTACAS
133,Güemes,986,K4700,BARRIO LA VIÑITA
134,Rivadavia,488,K4723,LOS ALTOS
135,Urquiza,605,G4452,SAN ISIDRO (PAAJ POZO
136,Moreno,87,X2580,PUEBLO ARGENTINO
137,Belgrano,650,X5214,LOS SOCABONES
138,Lavalle,210,T4162,MISTOL
139,Pueyrredón,878,S3000,PIQUETE
140,Sarmiento,611,K4235,LAS LOMITAS (LAS CAÑAS-DPTO.SANTA ROSA)
141,Urquiza,762,A4446,LA CARRETERA
142,Sarmiento,724,M5615,PIEDRA DE AFILAR
143,Dorrego,460,E3241,MOJONES NORTE
144,Pueyrredón,859,L6323,EL CENTINELA
145,Sarmiento,407,B1882,EZPELETA
146,Saavedra,43,D5703,CAÑADA ANGOSTA
147,Urquiza,550,Y4644,MINA BELGICA
148,Mitre,411,G2354,PALMAS
149,French,327,F5360,SAMAY HUASI
150,Moreno,635,B8153,BALNEARIO SAUCE GRANDE
151,San Martín,925,H3722,PAMPA SAN MARTIN
152,Mitre,276,S2512,CAMPO CHARO
153,Alberdi,114,A4651,SAN LEON
154,Chile,919,Q8353,LA PRIMAVERA
155,Alsina,293,G3714,SANTA ROSA (MONTE QUEMADO-DPTO.COPO)
156,Alsina,650,A4434,EL ALGARROBO
157,Rivadavia,99,X5839,ESTACION PUNTA DE AGUA
158,French,411,Y4640,ESTACION ZOOTECNICA
159,Urquiza,981,G5260,EL CHAÑAR (RECREO
160,Chile,798,U9201,LOS POCITOS DE QUICHAURA
161,Chile,388,M5569,TIERRAS BLANCAS
162,Lavalle,723,T4111,KILOMETRO 794 (APEADERO FCGB)(EL BRACHO
163,Laprida,410,Z9400,CHALI AIKE
164,Lavalle,986,P3600,HOSPITAL RURAL
165,Dorrego,101,W3481,RINCON (BERON DE ASTRADA
166,Tucumán,961,L6313,SAN JOSE (WINIFREDA
167,Chile,404,P3636,LAS TRES MARIAS
168,Chile,75,T4176,SAN ANTONIO DE QUISCA
169,Alsina,124,W3230,NUEVA ESPERANZA (PASO DE LOS LIBRES
170,Lavalle,103,B7401,SAN JUAN (SANTA LUISA
171,España,973,W3196,LA AMISTAD
172,Dorrego,67,G4328,SAN JOSE-AVELLANEDA
173,Mitre,775,G4206,MAQUITA
174,España,767,B1757,LAFERRERE ESTAFETA No.2
175,Sarmiento,67,E3204,ISTHILART
176,San Martín,789,D5721,VACAS MUERTAS
177,Moreno,957,H3714,POZO HONDO
178,Mitre,667,E3101,ALDEA BRASILERA
179,Güemes,57,X5965,LAS JUNTURAS
180,Sarmiento,367,X5988,LAGUNA LARGA SUD
181,Mitre,568,W3342,CARABI POY
182,Saavedra,669,J5446,EL CHUPINO
183,Mitre,466,L6326,SAN CARLOS
184,Tucumán,691,B8118,CORTI
185,Lavalle,737,V9410,ISLA DE AÑO NUEVO
186,Alsina,553,G4302,SURI POZO (VILMER-DPTO.BANDA)
187,Güemes,444,K4701,LA TRILLA
188,Pueyrredón,716,J5447,BALDES DEL TARABAY
189,Moreno,192,A4434,LA CUESTITA (LAS VIBORAS - DPTO. ANTA)
190,Sarmiento,682,R8138,CERRO DE LOS VIEJOS
191,Rivadavia,218,D5753,SAN RAFAEL
192,Rivadavia,599,W3405,TOLATU
193,Rivadavia,183,T4142,INGENIO ÑUÑORCO
194,Lavalle,554,T4111,PALA PALA
195,O'Higgins,210,E3206,COLONIA LAMARCA
196,O'Higgins,899,B6561,BLANCAGRANDE
197,Güemes,682,K4750,LA BANDA (BELEN
198,Laprida,174,Z9053,JARAMILLO
199,Mitre,864,S2111,SANTA TERESA (DEPTO.CONSTITUCION)
200,Pueyrredón,143,A4535,POZO VERDE (DPTO. RIVADAVIA)
201,O'Higgins,991,J5467,VILLA IGLESIA
202,Alberdi,704,Q8309,VISTA ALEGRE NORTE
203,Alberdi,343,K4139,EL CAJON (DPTO. SANTA MARIA)
204,Moreno,824,B7172,HOGAR MARIANO ORTIZ BASUALDO
205,Güemes,462,A4533,KILOMETRO 1298 (APEADERO FCGB)
206,Belgrano,659,G2354,MALBRAN
207,Urquiza,369,G4230,POZO DE LA PUERTA
208,Lavalle,697,X5297,ARCOYO
209,San Martín,604,E3137,ALCARAZ SUD
210,Dorrego,47,D5743,LA ISABEL
211,Saavedra,682,Z9407,28 DE NOVIEMBRE
212,Chile,344,W3483,CASUALIDAD (LORETO
213,Laprida,907,G4354,CAVADO
214,San Martín,731,H3734,EL ESTERO
215,San Martín,628,U9223,CAÑADON CHACAY
216,Tucumán,429,E3156,BETBEDER
217,España,675,U9207,LA HERRERIA
218,Alsina,419,Z9407,28 DE NOVIEMBRE
219,French,820,A4446,POTRERO (ROSALES
220,O'Higgins,709,G4302,EL AIBE
221,Rivadavia,51,L6321,LOMAS DE GATICA
222,Lavalle,543,G4298,ALBARDON CHUÑA
223,Belgrano,212,B1702,CIUDADELA ESTAFETA No.2
224,Saavedra,819,E2828,COLONIA NUEVA MONTEVIDEO
225,Saavedra,849,D6216,EL PORVENIR (UNION
226,O'Higgins,911,Q8347,LA BUITRERA
227,Rivadavia,687,F5350,SAN JOSE (VILLA UNION
228,San Martín,470,W3222,MIRA FLORES (JUAN PUJOL
229,French,768,B7100,PARRAVICINI
230,Tucumán,856,D5721,PASO DE LOS BAYOS
231,Alberdi,286,B6400,LERTORA
232,Alsina,686,B1649,ARROYO GLORIETA
233,Belgrano,654,E3265,COLONIA HOKER
234,French,206,D5731,JUANTE
235,Mitre,1000,G4233,EL OLOSQUIO
236,Moreno,41,L6326,SAN JOSE (ANGUIL
237,Belgrano,428,X5216,EL TUSCAL
238,San Martín,282,K5261,LA QUINTA
239,Rivadavia,835,A4452,SUNCHALITO
240,Rivadavia,260,S3551,ESTANCIA LA GOLONDRINA
241,Chile,617,Y4608,LA ISLA
242,Moreno,470,P3634,FORTIN MEDIA LUNA
243,Pueyrredón,488,D5741,13 DE ENERO
244,Rivadavia,707,T4141,PICHAO
245,Moreno,118,D5719,LA CALERA
246,Belgrano,134,K4230,EL TACO
247,Moreno,455,X5201,LOS CORITOS
248,Alberdi,903,H3515,SALTO DE LA VIEJA
249,Lavalle,403,E3281,COLONIA NUEVA AL SUD
250,Güemes,341,S2609,COLONIA SANTA LUCIA
251,Güemes,95,B7313,RICARDO GAVIÑA
252,Pueyrredón,712,P3630,LAS SALADAS
253,Dorrego,492,H3514,KILOMETRO 34 (EMBARCADRO FCGB-LAPACHITO-PDO.GRAL.DONOVAN)
254,Dorrego,156,T4122,TALA YACO
255,Chile,620,J5449,LA CIENEGUITA (VALLE FERTIL
256,Urquiza,178,B6343,MAZA
257,Saavedra,282,X5961,BAJO DE GOMEZ
258,Belgrano,66,W3463,SAUCESITO
259,Mitre,982,B2751,COLONIA LA NENA
260,Alsina,399,B1925,LOMA VERDE (ESCOBAR
261,Pueyrredón,725,L6321,LOMAS DE GATICA
262,San Martín,546,G4208,YALAN (LORETO
263,French,577,J5442,AMBAS PUNTILLAS
264,Rivadavia,965,G4233,SANTA LUCIA (CHOYA-DPTO.CHOYA)
265,Laprida,191,M5509,CARRIZAL DE ABAJO
266,Mitre,398,T4172,SIMOCA
267,Mitre,283,A4434,EBRO
268,Chile,45,D5755,LA ELVIRA (SAN MARTIN - DPTO. SAN MARTIN)
269,Mitre,784,E3285,KILOMETRO 56 (APEADERO FCGU)
270,French,909,B1663,SAN MIGUEL
271,Dorrego,940,X5941,LAS VARAS
272,Pueyrredón,477,B1900,LA PLATA ESTAFETA No.2
273,Tucumán,375,X5184,LA PIEDRA MOVEDIZA
274,O'Higgins,654,D5721,LAS VIZCACHERAS (BEAZLEY
275,Belgrano,359,R8504,CHINA MUERTA
276,Chile,493,U9223,NIRIGUCE PAMPA
277,Sarmiento,888,G4353,SANTO DOMINGO (VILLA FIGUEROA-DPTO.FIGUEROA)
278,España,222,E1647,CANAL SAN MARTIN
279,Urquiza,279,D5707,SOL DE ABRIL (EL RINCON
280,España,274,E3246,RACHEL
281,San Martín,671,U9111,RUTA 3 KILOMETRO 1646
282,Güemes,890,W3230,TRISTAN CHICO
283,Alberdi,981,L8212,DOS VIOLETAS
284,Lavalle,397,X5147,VILLA TRANQUILIDAD
285,San Martín,159,X5119,LA CARBONADA
286,Sarmiento,827,A4561,ALTO DE LA SIERRA
287,Mitre,812,R8364,LA ESMERALDA (DARWIN
288,Rivadavia,180,B6600,MERCEDES ESTAFETA No.4
289,Chile,344,M5571,VILLA MOLINO ORFILA
290,Laprida,694,K5265,POTRERO
291,San Martín,243,B7225,LA MASCOTA (REAL AUDIENCIA
292,Pueyrredón,411,H3513,ARBOL SOLO
293,San Martín,291,X5854,EL QUEBRACHO (ALMAFUERTE
294,San Martín,993,S3011,SAN MARIANO
295,Pueyrredón,713,X5214,ORCOSUNI
296,Chile,226,X5851,LAS BAJADAS
297,O'Higgins,461,L6221,LA VICTORIA (INTENDENTE ALVEAR
298,French,21,G3741,AEROLITO
299,Tucumán,561,B7245,LA REFORMA (PDO.ROQUE PEREZ)
300,Lavalle,852,Y4622,EL CALLEJON
301,Rivadavia,77,E3109,QUEBRACHO (DPTO. PARANA)
302,Laprida,259,T4178,SAN VICENTE (RANCHILLOS
303,Saavedra,849,G3712,KILOMETRO 1362 (EMBARCADERO FCGB)
304,French,536,Y4644,RIO COLORADO
305,Alberdi,263,P3525,VILLA ESCOLAR
306,O'Higgins,102,Q8340,COVUNCO
307,Lavalle,887,W3443,RINCON DE SOTO
308,Alberdi,782,B1881,BARRIO DRAIMAR
309,Tucumán,328,E3229,COLONIA SANTA ELVIRA
310,Urquiza,39,E3212,LA INVERNADA
311,Güemes,622,U9107,TOMA DE LOS CANALES
312,San Martín,802,R8303,CINCO SALTOS
313,French,379,G4203,CORTADERA
314,French,254,G4336,LOS HERRERAS
315,Sarmiento,47,B1983,GOMEZ
316,Saavedra,382,Y4501,EL SUNCHAL (SANTA CLARA
317,Güemes,903,X5139,PUENTE RIO PLUJUNTA
318,Güemes,409,B1642,MONTE VIEJO
319,Chile,224,G5255,LA SELVA
320,Mitre,436,X5871,BALDE DE LAS CAÑAS
321,Sarmiento,371,D5738,LOS MEDANOS
322,Sarmiento,430,S2136,SAN GERONIMO
323,Tucumán,763,S2631,CORA
324,Saavedra,62,B1759,BARRIO NAHUEL
325,Sarmiento,616,P3626,TRANSITO CUE
326,Laprida,249,S3000,PIQUETE
327,Chile,113,S2142,KILOMETRO 323
328,Sarmiento,936,B1649,ARROYO CRUCES
329,Moreno,30,S2212,MONJE
330,Moreno,151,W3451,RINCON DE MERCEDES
331,Moreno,398,B6433,ARTURO VATTEONE
332,Alberdi,735,F5300,PUNTA DEL NEGRO
333,Dorrego,178,E3176,SOLA
334,Sarmiento,147,W3197,CORONEL ABRAHAM SCHWEIZER
335,España,604,B7105,SAN CLEMENTE DEL TUYU ESTAFETA Nº3
336,Rivadavia,69,H3500,VILLA LIBERTAD
337,Chile,270,S2403,COLONIA JOSEFINA
338,Tucumán,109,R8514,SACO VIEJO
339,Rivadavia,514,A4198,SAN LORENZO (HORCONES
340,Chile,558,D5759,MANANTIAL DE RENCA
341,Dorrego,982,G4354,RIO DE GALLO
342,San Martín,100,R8134,KILOMETRO 823
343,Alberdi,26,Q8341,LAS COLORADAS
344,Rivadavia,208,B1663,LA ESTRELLA (TRIJUI
345,Mitre,144,K4701,EL ZAPALLAR (TACO
346,España,41,K4701,EL MOJON
347,Saavedra,839,S2512,CAMPO LA PAZ
348,Saavedra,444,A4449,CAMPO ALEGRE (LAS FLORES
349,Laprida,300,M5603,RINCON DEL ATUEL
350,Güemes,746,E3187,MESA
351,Alberdi,724,N3317,AROCENA
352,España,403,Q8353,REÑILEO
353,Dorrego,158,A4452,KILOMETRO 1152 (APEADERO FCGB)
354,San Martín,349,L6228,SARAH
355,Lavalle,754,L6354,LA GAVIOTA
356,Alsina,485,T4157,MAL PASO
357,Chile,301,S2311,ITUZAINGO
358,Tucumán,181,T4155,EL RODEO (VILLA CLODOMIRO HILERET
359,Rivadavia,798,B1825,MONTE CHINGOLO ESTAFETA No.5
360,Tucumán,364,B1649,CHAÑA-MINI
361,Moreno,621,X5249,LOS HOYOS
362,O'Higgins,631,W3412,TUYUTI
363,Rivadavia,361,H3706,COLONIA AGRICOLA PAMPA DE NAPENAY
364,Saavedra,939,E3246,COLONIA ACHIRAS
365,Güemes,641,R8503,GENERAL CONESA
366,Moreno,232,Z9405,QUIEN SABE
367,Pueyrredón,540,X5807,MAFALDA
368,Alsina,978,S2202,CERANA
369,Mitre,984,E3138,COLONIA OUGRIE
370,España,22,L6212,QUETREQUEN
371,Güemes,388,U9223,ALTO RIO PICO
372,Urquiza,600,B1649,CANAL HONDA
373,San Martín,535,Y4632,MIYUYOC
374,Sarmiento,168,B7600,MAR DEL PLATA ESTAFETA No.39
375,Sarmiento,389,K5341,ANILLACO
376,Dorrego,856,X5936,TIO PUJIO
377,Belgrano,106,G3714,OBRAJE LOS TIGRES
378,Sarmiento,627,M5537,ARROYITO
379,Mitre,332,D6216,COLONIA URDANIZ
380,San Martín,313,W3405,RINCON ZALAZAR
381,O'Higgins,758,G2356,SANTA PAULA
382,O'Higgins,879,W3451,PUERTO GOYA
383,Alsina,542,W3403,AGUIRRE LOMAS
384,Tucumán,154,E3260,ESTACION URUGUAY
385,San Martín,199,Y4500,SAN LUCAS
386,Pueyrredón,904,K5260,LA BUENA ESTRELLA
387,Sarmiento,893,D5721,PAJE
388,Rivadavia,885,T4135,LOS RODRIGUEZ
389,Alsina,969,E3206,MONTE CHICO
390,Belgrano,378,B6450,SANTA CECILIA SUD
391,O'Higgins,311,X5194,LA CUMBRECITA
392,Alsina,118,T4111,VILLA DE SUELDOS
393,Mitre,963,X5178,EL ROSARIO (LA CUMBRE
394,Chile,744,G4304,TUNALES
395,Chile,282,T4174,LOS LESCANOS
396,España,419,G4203,SINCHI CAÑA (ESTACION AGRICOLA)
397,French,577,U9223,ALTO RIO PICO
398,Dorrego,496,D5736,LOS ESQUINEROS
399,Saavedra,760,B1772,BARRIO VICENTE LOPEZ Y PLANES
400,Urquiza,894,G4326,CRUZ POZO (LUGONES
401,Laprida,421,T4152,NASCHE
402,Belgrano,679,G4301,SEPULTURA
403,Pueyrredón,34,L6212,TRES HERMANOS (QUETREQUEN
404,Chile,282,E3177,RAICES AL NORTE
405,Güemes,808,U9227,RIO CISNES
406,Moreno,224,D5753,HINOJOS
407,Dorrego,634,J5461,PAMPA DEL CHAÑAR
408,España,327,B1665,BARRIO 9 DE JULIO (JOSE C. PAZ
409,Belgrano,460,K4711,EL PIE DE LA CUESTA
410,Lavalle,359,E2805,PARAJE PALAVEROY
411,España,483,H3509,VENEZUELA
412,Dorrego,996,X5805,COLONIA SANTA PAULA
413,Laprida,122,K5341,CORRAL DE PIEDRA (MEDANITOS
414,Güemes,129,K5264,LA GRANJA
415,Urquiza,764,X5196,ARROYO SECO
416,Mitre,792,W3302,SALINAS
417,Lavalle,880,B1759,RUTA 3 KILOMETRO 29
418,San Martín,988,X5801,ALPA CORRAL
419,Pueyrredón,862,G4356,COLONIA PAZ
420,Alberdi,126,K4750,CORTADERA
421,Alberdi,42,R8324,LAS ÑATITAS
422,Belgrano,155,G3062,POZO DULCE
423,Laprida,861,G4301,RETIRO (VILLA PALMAR
424,Güemes,624,X5117,CAÑADA DEL ROSARIO
425,Alsina,866,A4446,COLA MUYO
426,Dorrego,981,B7620,LA PARA
427,Lavalle,137,E3151,LA MARUJA
428,Dorrego,335,K5333,CARRIZAL (COPACABANA
429,Lavalle,801,T4152,LOS CALLEJONES
430,Dorrego,449,T4124,EL QUEBRACHAL
431,Moreno,331,D5773,EL TORCIDO
432,Mitre,355,Y4618,CHORRILLO
433,Laprida,213,B1649,ARROYO BANCO
434,Alsina,848,X5229,CAMPO ALVAREZ
435,Urquiza,793,G4205,LA MELADA (LAPRIDA
436,Urquiza,138,S2301,COLONIA FIDELA
437,San Martín,266,B7220,FUNKE (APEADERO FCGB)
438,Lavalle,468,X2675,SANTA VICTORIA
439,Chile,428,M5511,GENERAL GUTIERREZ
440,Rivadavia,821,X5012,VILLA AZALAIS ESTE
441,Chile,925,W3427,PASITO
442,Saavedra,93,G5250,EL DIVISADERO
443,Alberdi,182,B1649,ARROYO LA RAYA
444,Rivadavia,32,T4146,CARRETA QUEMADA
445,Belgrano,306,R8422,PUERTO HERMOSO
446,Belgrano,358,G4306,BOCA DEL TIGRE
447,French,797,A4190,ROSARIO DE LA FRONTERA
448,Güemes,708,X5201,SAN PEDRO DE TOYOS
449,Dorrego,113,G4332,SUNCHITUYOJ
450,Urquiza,438,B8185,DELFIN HUERGO
451,Sarmiento,375,F5717,KILOMETRO 732 (APEADERO FCGB)
452,Rivadavia,457,G4302,LOMA NEGRA
453,Alberdi,879,B1702,CIUDADELA ESTAFETA No.2
454,Tucumán,427,B1842,BARRIO VILLA MARIA
455,Güemes,764,G4233,ABRAS DEL MEDIO
456,Alberdi,805,G4353,BELLA VISTA (SAN JOSE
457,España,120,M5533,GENERAL ACHA
458,Tucumán,493,B6230,LOS LAURELES (ESTACION FCGB.)
459,Tucumán,399,B7011,SAN CALA
460,Mitre,362,D5741,DON ROBERTO
461,Laprida,698,W3472,LA AURORA (FELIPE YOFRE
462,French,864,G4353,CELESTINA
463,Sarmiento,908,R8336,INGENIERO JULIAN ROMERO
464,Urquiza,37,F5274,LOS BARRIALITOS
465,Pueyrredón,47,B1888,CAPILLA DE LOS INGLESES
466,Mitre,655,U9009,CAMPAMENTO ESCALANTE (APEADERO FGCR)
467,Alberdi,673,B2709,LOS INDIOS (PDO. ROJAS)
468,Lavalle,952,G5251,BARRIALITO (CHACRAS
469,O'Higgins,793,S3052,COLONIA LA BLANCA
470,Urquiza,29,A4415,POTRERO (PAYOGASTA
471,Alberdi,80,N3332,CAPIOVY
472,España,389,T4111,AGUADA
473,Alberdi,767,B6703,ALASTUEY (APEADERO F.C.G.U.)
474,Saavedra,386,H3730,IPORA GUTZU
475,French,373,G5251,EL ABRA (CAJON
476,Belgrano,151,L6365,SAN ILDEFONSO
477,Belgrano,203,G5250,SAN IGNACIO (OJO DE AGUA-DPTO.OJO DE GUA)
478,Dorrego,167,G5251,LA PINTADA
479,Lavalle,456,R8422,MANCULLIQUE
480,Moreno,191,R8400,BARILOCHE
481,España,376,K4139,EL MEDANITO
482,Alberdi,50,X5807,CHARRAS
483,Tucumán,555,B1757,LAFERRERE ESTAFETA No.4
484,Saavedra,427,X5848,LA GILDA
485,Mitre,196,U9123,AGUADA DULCE
486,Urquiza,187,E3218,ARROYO PALMAR (APEADERO FCGU)
487,Chile,405,W3340,NUEVO PARAISO
488,Sarmiento,109,J5401,COLON
489,Güemes,565,E3191,PALO A PIQUE
490,Rivadavia,90,N3361,CAMPO RAMON
491,Tucumán,314,B7163,GOBOS
492,Pueyrredón,948,B6640,LA MARIA
493,Güemes,753,B7600,LAGUNA DEL SOLDADO
494,Pueyrredón,608,F5385,RETAMAL
495,Urquiza,449,J5435,QUIROGA (APEADERO FCGSM)
496,Belgrano,749,T4122,POTRO YACO
497,Mitre,494,A4190,DURAZNITO
498,Moreno,596,B1686,HURLINGHAM ESTAFETA No.2
499,Güemes,357,B7203,LOMA PARTIDA
500,Rivadavia,564,B1865,LA ARGENTINA
501,Mitre,234,B2763,FLAMENCO
502,Pueyrredón,225,Z9051,LA MARGARITA
503,Güemes,650,X5248,BAÑADO DEL FUERTE
504,Pueyrredón,241,E3203,CALABACILLAS
505,Rivadavia,843,X5875,RODEO DE PIEDRA
506,Alsina,714,B1649,ARROYO PACIENCIA
507,Güemes,364,B1647,ARROYO SARANDI (SAN FERNANDO - PDO. SAN FERNANDO)
508,French,519,S3061,PADRE PEDRO ITURRALDE
509,Moreno,548,W3340,GALARZA CUE
510,Mitre,855,H3531,EL PALMAR (PDO. QUITILIPI)
511,Sarmiento,189,R8503,SAN LORENZO
512,Laprida,977,R8430,EL MANSO
513,Alberdi,338,Y4644,ESCAYA
514,Lavalle,166,L6317,LOTE 5 (LUAN TORO
515,Lavalle,513,W3420,PINDONCITO
516,Chile,995,W3448,TATACUA (SAN ROQUE - DPTO. SAN ROQUE)
517,O'Higgins,88,B1816,RUTA 205 KILOMETRO 57
518,Laprida,579,L6352,LA SEGUNDA
519,Urquiza,957,S2156,VILLA MARGARITA
520,Pueyrredón,346,B1900,LA PLATA SUCURSAL No.3
521,Belgrano,445,A4440,CAMPO AZUL
522,Moreno,807,X5135,BUEY MUERTO
523,Lavalle,248,G5255,LOS CRUCES
524,Moreno,784,G4230,MONTE REDONDO (FRIAS
525,Laprida,195,U9007,RUTA 3 KILOMETRO 1711
526,Mitre,853,S2117,LOMA VERDE
527,Güemes,252,R8416,COMALLO
528,Chile,95,Y4512,PUEBLO LEDESMA
529,Chile,779,E3111,MARIA GRANDE PRIMERA
530,Rivadavia,508,X5873,LOS CHAÑARES (CONLARA-DPTO.SAN JAVIER)
531,Saavedra,412,X5819,ARROYO TOLEDO
532,Laprida,135,D5719,SANTA ROSA DE CHIPISCU
533,Chile,241,L6305,SAN PEDRO (ROLON
534,Mitre,163,J5425,VILLA LAPRIDA
535,Tucumán,688,R8534,LA ESPERANZA
536,Tucumán,296,F5275,VILLA DE SANTA RITA
537,Chile,670,F5300,PUNTA DEL NEGRO
538,Saavedra,778,H3514,CAMPO DE ECHEGARAY
539,Güemes,348,Y4643,TIO MAYO
540,Laprida,730,D5703,VIZCACHERAS (HIPOLITO YRIGOYEN
541,Pueyrredón,873,G5257,LA PAMPA (RAMIREZ DE VELAZCO-DPTO.QUEBRACHOS)
542,Saavedra,741,D5703,CUATRO CORREDORES
543,Mitre,897,G4350,SAN FRANCISCO (SUNCHO CORRAL-DPTO.MATARA)
544,Rivadavia,175,B7007,LA PALMA
545,Moreno,26,B2901,BARRIO SIDERURGIA
546,Dorrego,484,T4129,OBRAJE
547,O'Higgins,220,T4168,CAMPO REDONDO
548,O'Higgins,731,W3199,MALVINAS SUD
549,Dorrego,262,B1888,BARRIO CORTEZ
550,Mitre,20,K4715,LAS CUCHILLAS (LAS PIEDRAS BLANCAS-DPTO.AMBATO)
551,España,873,N3361,YERBAL VIEJO SECCION 2
552,Dorrego,298,G5255,EL AYUDANTE
553,Chile,977,A4535,LA ESQUINITA
554,Urquiza,151,L6360,SANTA ELENA (GRAL. PICO
555,San Martín,347,B1870,GERLI ESTAFETA No.1
556,España,659,X5291,PIEDRAS ANCHAS (SAN CARLOS MINAS
557,Belgrano,209,E3158,CHIQUEROS
558,Alberdi,358,S3046,NARE
559,Mitre,435,X2433,COLONIA POZO DEL CHAJA
560,Mitre,183,X5242,LAS CHACRAS VIEJAS
561,Laprida,36,Q8375,EL SALITRAL
562,Sarmiento,79,B8506,PUERTO WASSERMANN
563,Moreno,234,D5775,VALLE SAN AGUSTIN
564,Pueyrredón,536,D5873,LA CELIA
565,Tucumán,343,D5750,CANTERAS SANTA ISABEL
566,Chile,359,D5738,LAS MELADAS
567,San Martín,853,X5913,LA ZARA
568,España,430,B1649,ARROYO LA RAYA
569,Saavedra,530,B1623,BARRIO GARIN NORTE
570,Laprida,676,D5738,LA MASCOTA (JUSTO DARACT - DPTO. GRAL. PEDERNERA)
571,España,143,M5623,JAIME PRATS
572,España,224,E3183,MIÑONES
573,Dorrego,757,Y4643,PAIRIQUE GRANDE
574,O'Higgins,265,U9023,CERRO VALCHETAN
575,Rivadavia,218,A4446,TALA MUYO
576,Urquiza,162,W3414,LA UNION
577,O'Higgins,431,V9410,PUNTA REMOLINOS
578,Alsina,949,G4354,TRANCAS
579,Laprida,439,G4233,SAN JUAN (CHOYA
580,Sarmiento,603,X5282,LOS GUEVARA
581,Pueyrredón,239,G4302,ANTAJE
582,Moreno,981,H3734,COLONIA DRYSDALE
583,Laprida,580,X5201,CALASUYA
584,Dorrego,970,K5341,RIO GRANDE
585,España,191,D5731,DURAZNO (EL MORRO
586,Pueyrredón,96,Y4522,SALADILLO
587,Rivadavia,674,T4117,EL NOGALITO (MARIÑO
588,Mitre,427,W3234,SAN ISIDRO (SAN ANTONIO - DPTO. PASO DE LOS LIBRES)
589,Urquiza,293,H3722,PAMPA SAN MARTIN
590,Dorrego,734,D5701,EL VALLE (CAÑADA HONDA
591,Lavalle,400,X5125,MEDIA LUNA
592,Moreno,724,B1746,FRANCISCO ALVAREZ ESTAFETA No.3
593,Alberdi,835,X5249,SAN RAMON (CANDELARIA-RIO SECO-DPTO.RIO SECO)
594,Güemes,290,R8403,PASO DEL LIMAY
595,San Martín,907,B1765,ISIDRO CASANOVA ESTAFETA No.6
596,Rivadavia,800,X5212,JUAN GARCIA
597,España,221,J5435,PUNTA DEL MEDANO
598,Güemes,800,G3740,LOS PENSAMIENTOS
599,Alsina,674,W3344,ALTAMIRA
600,Güemes,222,F5367,LA PUNTILLA (SAÑOGASTA
601,Alberdi,618,Y4630,OVARA
602,Alsina,120,P3600,BARRIO LOURDES
603,Alsina,395,X2670,COLONIA CHACABUCO
604,Tucumán,35,A4440,YATASTO
605,Sarmiento,902,D5700,LA ESPESURA
606,Pueyrredón,292,G4643,QUERA
607,Moreno,992,B6422,PRIMERA JUNTA
608,Rivadavia,88,E3280,PUERTO COLORADO
609,Alberdi,712,Y4500,SAN JOSE DEL BORDO
610,Mitre,74,A4449,LAS TORTUGAS
611,Urquiza,340,E1647,ARROYO PACIENCIA CHICO
612,Alsina,369,B1617,LOPEZ CAMELO
613,Pueyrredón,210,G5255,LAGUNITAS
614,San Martín,402,D5721,CAZADOR
615,French,211,H3513,COTE LAI
616,San Martín,975,B1649,ARROYO LAS BALDOSAS
617,Pueyrredón,560,R8363,SANTA GENOVEVA
618,Dorrego,688,P3620,SALADILLO
619,O'Higgins,64,L6361,LA VICTORIA (AGUSTONI
620,Laprida,909,B1913,MAGDALENA
621,España,911,A4535,PORONGAL
622,Güemes,719,T4182,COLMENA LOLITA
623,Belgrano,938,S2154,KILOMETRO 319 (APEADERO FCGM)
624,Güemes,705,X2550,BARRIO BELGRANO (BELL VILLE
625,Alsina,993,X5875,GUANACO BOLEADO
626,French,81,N3384,LARRAQUE
627,O'Higgins,38,D5775,LA ESTRELLA (RENCA - DPTO. CHACABUCO)
628,Rivadavia,328,S2403,COLONIA JOSEFINA
629,Alberdi,896,B6403,ROOSEVELT (PDO. RIVADAVIA)
630,España,721,L6228,COLONIA DENEVI
631,Alberdi,844,Y4641,DONCELLAS
632,San Martín,956,E3214,PARADA YUQUERI
633,Mitre,102,A4430,SAUSALITO
634,Belgrano,211,J5435,COLONIA FISCAL SARMIENTO
635,Alberdi,582,X5297,POTRERO DE MARQUES
636,Mitre,760,D6279,LOS CHAÑARES (DIXONVILLE
637,Urquiza,177,G4206,EL MARNE
638,Dorrego,458,H3505,VILLA JALON
639,Saavedra,862,R8324,GARRAS
640,French,857,N3363,TRES BOCAS
641,Moreno,815,R8361,PASO LEZCANO
642,Moreno,46,B7403,COLONIA SAN MIGUEL
643,Rivadavia,217,E3260,KILOMETRO 112 (APEADERO FCGU)
644,Alsina,912,D5777,CORRAL DE TORRES
645,Dorrego,251,D5755,MEDIA LUNA
646,Güemes,801,W3220,ARROYO TOTORAS
647,Moreno,709,S3581,ESTACION VILLA ANA
648,Chile,74,X6275,LA NACIONAL
649,Dorrego,715,G4306,CASILLA DEL MEDIO
650,Belgrano,747,G4205,SANTA ROSA DE CORONEL
651,French,905,B1905,POBLET
652,España,710,X5162,RINCON (CASA GRANDE-DPTO.PUNILLA)
653,Güemes,835,E3116,ALDEA CHALECO
654,Rivadavia,228,S3551,POZO DE LOS INDIOS
655,Chile,131,W3302,BOQUERON (ITUZAINGO
656,Belgrano,974,N3300,BARRIO SANTA LUCIA
657,San Martín,395,D6216,MONTE COCHEQUINGAN
658,Saavedra,651,M5501,BARRIO TRAPICHE
659,Mitre,654,D6277,LAS AROMAS
660,Urquiza,21,X5199,RIO GRANDE (AMBOY-DPTO.CALAMUCHITA)
661,Dorrego,934,T4242,LA CHILCA
662,Mitre,680,X5189,RIO LOS MOLINOS (APEADERO FCGM)
663,Pueyrredón,793,X5187,BOSQUE ALEGRE
664,Laprida,463,L6228,CORONEL HILARIO LAGOS
665,Rivadavia,696,X5216,LAS CAÑAS (SAN JOSE DE LAS SALINAS
666,Saavedra,873,S3000,BARRIO BELGRANO (SANTA FE
667,Güemes,492,L6321,LA MARCELA
668,Belgrano,625,Q8318,EL GUADAL
669,O'Higgins,496,U9039,HITO 45
670,España,810,B1864,EMPALME SAN VICENTE
671,O'Higgins,402,B6405,CORAZZI
672,Alberdi,860,S3001,CAYASTA
673,Mitre,564,X5133,LA CIENAGA
674,San Martín,865,K4726,LA CAÑADA (HUILLAPIMA-DPTO.CAPAYAN)
675,España,184,B2930,BARRIO COBOS
676,Lavalle,729,D5775,SAN RAMON SUD
677,Alsina,261,B8117,EL CORTA PIE
678,Güemes,996,Q8345,RUCA CHORROY ARRIBA
679,España,760,A4535,SAN JOAQUIN (RIVADAVIA - DPTO. RIVADAVIA)
680,Sarmiento,659,G4203,ALTO BELLO
681,Belgrano,242,X5225,ATAHONA
682,Belgrano,688,B2915,CAMPO AGUIRREZABALA
683,Tucumán,21,A4434,EBRO
684,Dorrego,963,X5813,EL ESPINILLAL
685,Belgrano,678,N3308,PUERTO LA MINA
686,Saavedra,511,X5103,GUARNICION AEREA CORDOBA
687,Belgrano,573,X5289,RAMIREZ
688,O'Higgins,650,J5447,CUCHILLAZO
689,Lavalle,700,X5209,LA TOTORILLA
690,Belgrano,606,B1663,BARRIO NORTE SARMIENTO
691,O'Higgins,554,Q8353,EL CURILEO
692,Tucumán,602,G4300,LAS HERMANAS
693,Mitre,228,D5835,BELLA VISTA (VILLA DEL CARMEN
694,French,899,G4301,BUEN LUGAR (NUEVA GRANADA-DPTO.ALBERDI)
695,Mitre,303,T4000,BARRIO BELGRANO (TUCUMAN
696,Rivadavia,381,M5579,LA FLORIDA (DPTO. RIVADAVIA)
697,Mitre,849,E3109,SECCION URQUIZA
698,Rivadavia,731,T4174,LOS TREJOS
699,San Martín,579,X2589,MONTE BUEY
700,Saavedra,940,N3370,PUERTO CAROLINA
701,Urquiza,391,F5471,LA JARILLA
702,Saavedra,267,B6621,ANDERSON
703,Lavalle,593,B1871,ISLA MACIEL
704,Pueyrredón,241,A4449,SANTA ROSA (LAS FLORES - DPTO. ANTA)
705,Alsina,773,W3414,SAN FRANCISCO CUE
706,Chile,407,U9207,KAUKEL
707,Tucumán,577,D6279,ESTANCIA 30 DE OCTUBRE
708,Alberdi,255,K4743,EL ALAMITO
709,Urquiza,144,U9020,KILOMETRO 191 (APEADERO FCGR)
710,Rivadavia,912,X5220,OJO DE AGUA (JESUS MARIA-DPTO.COLON)
711,Saavedra,768,X5172,LA QUEBRADA (LA FALDA-DPTO.PUNILLA)
712,España,238,B1846,ADROGUE
713,Dorrego,740,X5149,EL ZAINO (APEADERO FCGB)
714,San Martín,740,F5301,SANTA TERESA
715,Belgrano,897,B6507,CORBETT
716,Tucumán,198,B1649,ARROYO TIBURON
717,Tucumán,517,B7303,EL SAUCE
718,Tucumán,535,X2413,COLONIA ITURRASPE
719,Saavedra,308,Y4608,LAS PAMPITAS
720,Pueyrredón,168,L6387,LOTE 15 (ESCUELA 18)
721,Moreno,420,B1888,GOBERNADOR MONTEVERDE
722,Dorrego,965,Z9313,FARO CAMPANA
723,San Martín,308,A4126,EL SUNCHAL
724,Sarmiento,772,K4723,LOS MOLLES (PUERTA GRANDE-DPTO.SANTA ROSA)
725,Alberdi,78,N3300,SAN ISIDRO (POSADAS
726,España,717,Y4518,VINALITO
727,Urquiza,48,L6321,NAHUEL MAPA
728,Dorrego,403,B7203,GALERA DE TORRES
729,Rivadavia,911,A4440,CONCHAS
730,Alsina,379,T4137,LOS CORDONES
731,Laprida,282,X5870,CORRAL DE CABALLOS
732,España,601,G3062,EL CRUCERO (FORTIN INCA
733,Tucumán,544,M5549,CAMPAMENTO CACHEUTA Y.P.F.
734,Belgrano,135,D5777,DURAZNITO (SANTA ROSA DE CONLARA
735,Lavalle,634,S3018,GOBERNADOR CANDIOTI
736,Pueyrredón,767,M5611,LOS PARLAMENTOS (APEADERO FCGSM)
737,Mitre,942,L6352,SAN MANUEL
738,Rivadavia,116,N3334,SAN ALBERTO
739,Dorrego,668,K4701,PASO CERCADO
740,España,526,B6667,LA RUBIA
741,Chile,909,B8136,SAN JOSE (ALGARROBO
742,Moreno,355,G4354,EL CUELLO
743,Alsina,958,X5220,LOS DURAZNOS
744,Rivadavia,989,B6071,BERMUDEZ
745,Mitre,588,D5750,LAS FLORES (LA TOMA - DPTO. PRINGLES)
746,O'Higgins,330,X5889,ARROYO LOS PATOS
747,Belgrano,437,T4111,ROSARIO OESTE (PALA PALA
748,Sarmiento,315,J5461,LA FALDA
749,Moreno,551,E3269,LA CLARITA
750,Alberdi,716,Q8347,RAMICHAL
751,Lavalle,587,Q8315,PIEDRA PINTADA
752,Pueyrredón,108,B1649,ARROYO SARANDI (TIGRE - PDO. TIGRE)
753,Lavalle,481,U9220,LAGUNA VERDE
754,Dorrego,671,D5773,EL TORCIDO
755,Alsina,693,L6307,LA ESPERANZA (MACACHIN
756,Dorrego,40,T4117,LOS GODOS
757,Belgrano,510,J5415,ANGACO NORTE
758,Alsina,103,B1663,BARRIO CORTIJO NUEVO
759,Moreno,847,X5133,VILLA SANTA ROSA
760,Mitre,607,G4353,REMANSITO (ARMONIA
761,Chile,482,Y4640,LA FALDA
762,Alsina,565,T4119,REQUELME
763,Lavalle,959,X5233,PUESTO DE LUNA
764,Güemes,758,T4105,LOS PLANCHONES
765,Lavalle,980,N3361,YERBAL VIEJO SECCION 11
766,Alberdi,694,X2670,COLONIA BOERO
767,Tucumán,900,B8183,COLONIA LA VASCONGADA
768,Tucumán,581,X5891,EL MIRADOR
769,French,955,B6740,CHACABUCO
770,Moreno,89,B1849,CLAYPOLE
771,French,346,B1832,KILOMETRO 34 (APEADERO FCDFS.
772,Mitre,200,M5590,PUERTA DE LA ISLA
773,French,123,E3191,FLORESTA
774,Lavalle,83,A4421,LA ARMONIA (CNEL. MOLDES - DPTO. LA VIÑA)
775,Sarmiento,62,P3601,SOLDADO TOMAS SANCHEZ
776,Rivadavia,759,Q8318,EL BELCHA
777,Saavedra,967,R8501,CUBANEA
778,Pueyrredón,497,B8124,BERRAONDO
779,Güemes,97,B1748,PUEBLO NUEVO (GRAL. RODRIGUEZ
780,Laprida,47,G4205,LOS RALOS (LAPRIDA
781,Chile,383,B7406,BERGAMISQUI
782,San Martín,589,D5719,EL MOLLE (SAN GERONIMO
783,Urquiza,471,Y4501,SANTA CLARA
784,Alberdi,353,Q8353,CAÑADA SECA
785,Mitre,786,B6450,SANTA CECILIA SUD
786,Belgrano,862,R8138,LAGUNA DEL CHASICO
787,Belgrano,295,R8418,DON GUILLERMO
788,Sarmiento,85,P3621,LAS LOLAS
789,O'Higgins,79,B7169,JUANCHO
790,Moreno,888,P3636,SANTA TERESA
791,Chile,760,B7541,SAN JOSE (PUEBLO SAN JOSE
792,Moreno,99,W3344,PIRACU
793,San Martín,716,L8336,LA VASCONIA
794,Belgrano,463,X5282,CHACRA DEL REY
795,Lavalle,391,W3407,TIMBO CORA
796,Moreno,889,B7305,EL MIRADOR
797,San Martín,833,X5205,ALTO VERDE
798,O'Higgins,657,D5831,AGUA FRIA
799,Chile,664,Z9051,LA FECUNDIDAD
800,Dorrego,204,B6605,KILOMETRO 83
801,Belgrano,895,U9035,CENTRO RIO MAYO
802,Sarmiento,160,D5831,AGUA FRIA
803,Pueyrredón,158,D5703,BALDE DE AMIRA
804,Rivadavia,417,R8416,COQUELEN
805,San Martín,310,S3000,PIQUETE
806,Sarmiento,565,K4751,AGUA DE DIONISIO
807,Tucumán,312,G4354,LA LOMA (HURITU HUASI
808,Moreno,118,T4128,LA BOLSA
809,Chile,469,J5425,VILLA LAPRIDA
810,French,221,P3603,RACEDO ESCOBAR
811,España,443,G4354,LA LOMA (HURITU HUASI
812,Alsina,501,L8204,SAN JOSE (BERNASCONI
813,Tucumán,283,K4711,ISLA LARGA
814,Saavedra,404,S3000,BARRIO SUD (SANTA FE
815,San Martín,691,E1647,ARROYO PIEDRAS
816,Rivadavia,347,T4166,RIO LULES
817,Dorrego,632,R8417,MICHIHUAO
818,Alsina,261,B7403,LA PROVIDENCIA
819,O'Higgins,104,T4115,FAVORINA
820,Tucumán,486,G4334,MAL PASO (ICAÑO
821,Pueyrredón,658,B8109,BALNEARIO (PARADA)
822,Rivadavia,519,D5721,SALTO CHICO
823,Sarmiento,905,W3231,COLONIA AROCENA INA
824,O'Higgins,326,M5529,RODEO DEL MEDIO
825,Urquiza,409,B7600,BARRIO JOSE MANUEL ESTRADA
826,España,227,D6389,EL RODEO (ANCHORENA
827,España,750,A4126,ALEM
828,Pueyrredón,720,F5301,AGUA BLANCA (DPTO. CASTRO BARROS)
829,Belgrano,306,B1609,BOULOGNE ESTAFETA No.3
830,San Martín,745,B7169,MACEDO
831,Lavalle,662,W3302,PILINCHO (ITUZAINGO
832,Güemes,477,B1714,BARRIO AERONAUTICO (ITUZAINGO
833,Alsina,992,B1744,MORENO ESTAFETA No.3
834,San Martín,151,R8409,OJOS DE AGUA (LLAO LLAO
835,Lavalle,222,P3606,ESTANCIA EL CIERVO
836,Belgrano,766,U9005,CERRO HERMITTE
837,Saavedra,724,B6000,BARRIO VILLA ORTEGA
838,Lavalle,495,K5261,EL TOTORAL (LA DORADA-DPTO.ANCASTI)
839,España,700,B6614,FRANKLIN
840,Sarmiento,496,R8415,ARROYO MARTIN (ÑORQUINCO
841,Pueyrredón,729,G4302,SANTA CRUZ (SAN RAMON
842,San Martín,652,T4149,GASTONE
843,Mitre,673,D6216,COLONIA URDANIZ
844,Mitre,572,Z9407,PUEBLO NUEVO
845,Urquiza,729,X5947,VILLA SAN ESTEBAN
846,Güemes,621,E3269,SANTA ELENA (ARROYO BARU- DPTO.COLON)
847,Alsina,659,G4301,ESTEROS (DPTO. ALBERDI)
848,Saavedra,203,U9121,EL QUILLIMUAY
849,San Martín,117,G5253,EL VEINTICINCO (RIO VIEJO
850,Rivadavia,225,U9105,EL ARGENTINO
851,Güemes,536,B8183,COLONIA LA VASCONGADA
852,Tucumán,551,S2317,HUGENTOBLER
853,Moreno,604,B1890,CAMINO GRAL.BELGRANO (KM.31 AL 35)
854,Dorrego,810,M5553,ZANJON AMARILLO
855,San Martín,205,D5701,EL TALA (EMBALSE LA FLORIDA
856,French,859,B8127,RIVADEO
857,Rivadavia,850,W3405,ZAPALLAR
858,Alberdi,610,R8424,PRAHUANIYEU
859,Saavedra,85,W3344,SAN JOSE (ALVEAR - DPTO. GRAL. ALVEAR)
860,O'Higgins,276,G5253,ARBOL SOLO (DPTO. QUEBRACHOS)
861,Rivadavia,911,D5741,LAGUNA SAYAPE
862,Belgrano,792,E3201,EMBARCADERO FERRARI
863,Alberdi,856,X5801,LA ESQUINA (DPTO.RIO CUARTO)
864,Saavedra,840,W3230,OMBUCITO
865,Sarmiento,989,P3630,LAS LOMITAS
866,Tucumán,220,G5255,EL BORDITO
867,Pueyrredón,195,G4301,AGUAS COLORADAS
868,Lavalle,621,G3740,BARRIO OBRERO
869,Urquiza,86,A4651,SANTA CRUZ (SANTA VICTORIA - DPTO. SANTA VICTORIA)
870,Pueyrredón,873,N3355,SANTA MARIA MARTIR
871,España,819,B2701,MARIANO BENITEZ
872,Moreno,489,S2505,CAMPO SANTA ISABEL
873,Lavalle,165,T4176,LAS LOMITAS
874,Alberdi,458,T4117,LUJAN (DELFIN GALLO
875,Moreno,125,M5621,LA ESCONDIDA
876,Sarmiento,749,G4324,HORNILLOS (GARZA
877,Urquiza,463,W3461,LA FLORENTINA
878,Sarmiento,510,G4300,VILLA UNION (LA BANDA
879,Lavalle,725,H3536,PASO DE OSO
880,Urquiza,592,B1917,MONTE VELOZ
881,French,760,K4707,TRES PUENTES
882,Lavalle,767,Q8371,SAN JUAN (JUNIN DE LOS ANDES
883,Laprida,837,W3423,TALITA CUE
884,French,226,S3581,ESTACION VILLA ANA
885,Rivadavia,688,D5703,EL PARAISO (VILLA GRAL. ROCA
886,O'Higgins,201,U9100,BARRIO MACO
887,Saavedra,615,E3283,EL BRILLANTE
888,España,375,G3740,QUIMILI
889,Tucumán,551,E3100,TIRO FEDERAL
890,Dorrego,312,G4187,EL OJITO
891,Alsina,581,G4301,CHAÑAR BAJADA
892,España,780,X5875,CHUCHIRAS
893,Alsina,516,Z9051,ESTANCIA AGUADA LA OVEJA
894,Mitre,975,X6271,DEL CAMPILLO
895,Rivadavia,371,X5936,CAPILLA SAN ANTONIO DE YUCAT
896,Alberdi,910,X5218,KILOMETRO 450 (AEPADERO FCGB)
897,España,502,S3061,KILOMETRO 389
898,Sarmiento,360,E3101,ALDEA SPATZENKUTTER
899,Mitre,763,S2443,COLONIA MARGARITA
900,Alberdi,836,W3463,BARRANCAS
901,San Martín,706,L8204,MARIA
902,Laprida,471,G4187,MONTE POTRERO
903,Rivadavia,726,X5987,CAPILLA IMPIRA
904,Belgrano,375,K4751,NACIMIENTOS DE SAN ANTONIO
905,Tucumán,280,E3272,VILLA MANTERO
906,España,999,B6075,ESTANCIA MITIKILI
907,O'Higgins,28,G4206,ESTABLECIMIENTO CATORCE DE SETIEMBRE
908,Alsina,660,L6305,DOBLAS
909,Alberdi,395,Q8363,LOS MENUCOS
910,Rivadavia,665,U9107,CERRO ROTO
911,Saavedra,72,W3197,COLONIA BERON DE ASTRADA
912,Moreno,554,L6365,ZONA RURAL (DORILA
913,Alsina,435,B1649,ARROYO DURAZNO
914,Güemes,734,S3581,CAMPO REDONDO
915,Dorrego,866,T4122,ÑOREO
916,Saavedra,311,W3196,SARANDI (ESQUINA-DPTO.ESQUINA)
917,Lavalle,994,F5473,POZO DE PIEDRA
918,Belgrano,442,T4115,EL NARANJITO
919,Laprida,794,E3100,ORO VERDE
920,French,662,E3101,ALDEA ASUNCION
921,Urquiza,842,E2821,GUALEYAN
922,Pueyrredón,249,L6345,LA BILBAINA
923,Moreno,694,L6228,LA ENERGIA
924,Saavedra,189,X5282,LA GRAMILLA
925,San Martín,600,X5123,HARAS SANTA MARTHA
926,Dorrego,677,M5603,LA LLAVE
927,Dorrego,883,W3445,COSTA SANTA LUCIA (9 DE JULIO
928,Rivadavia,159,P3606,EL CORRALITO
929,Alberdi,236,M5620,VILLA COMPARTO
930,French,720,Q8371,QUILQUIHUE
931,España,355,X5175,CASA SERRANA (HUERTA GRANDE)
932,O'Higgins,346,E2824,GENERAL ALMADA
933,San Martín,387,X5220,SINSACATE
934,España,898,G4301,ESTEROS (DPTO. ALBERDI)
935,Güemes,241,B7603,SAN FELIPE
936,Saavedra,935,B1856,BARRIO LA REFORMA
937,Sarmiento,106,H3522,GENERAL VEDIA
938,Lavalle,984,B6603,KILOMETRO 117 (APEADERO FCGB.)
939,Rivadavia,697,N3334,LIBERTADOR GENERAL SAN MARTIN
940,Rivadavia,526,P3600,COLONIA ISLA ALVAREZ
941,Saavedra,432,D5703,LA ESPERANZA (HIPOLITO YRIGOYEN - DPTO. BELGRANO)
942,San Martín,625,D5881,RINCON
943,Güemes,108,J5449,YOCA
944,Saavedra,409,X5246,RAYO CORTADO
945,Chile,873,T4124,SAN PEDRO DE COLALAO
946,Tucumán,611,G4324,TACO HUACO
947,Urquiza,937,R8534,SIERRA COLORADA
948,Moreno,96,D5719,HUALTARAN
949,Güemes,279,E3103,ALDEA SANTAFECINA
950,España,202,X2401,PLAZA SAN FRANCISCO
951,Saavedra,97,S2531,LANDETA
952,Tucumán,263,J5447,HUERTA
953,Urquiza,553,T4127,TAFI DEL VALLE
954,Tucumán,561,S2200,SAN LORENZO
955,Belgrano,709,Y4612,ZAPLA
956,Alsina,107,G4319,TIO ALTO
957,Sarmiento,505,B1884,BARRIO LOS MANZANOS
958,Alsina,945,B8101,GRUNBEIN
959,Güemes,326,X5931,PAMPAYASTA
960,Chile,374,J5417,LA MAJADITA (DPTO. 9 DE JULIO)
961,Chile,162,B7530,LAS MOSTAZAS
962,Dorrego,857,G3761,LOS LINARES
963,Rivadavia,161,R8412,CHENQUENIYEU
964,Dorrego,364,S3013,CORONEL RODRIGUEZ
965,O'Higgins,270,J5435,LAGUNAS
966,Dorrego,74,W3451,PUERTO GOYA
967,O'Higgins,734,X5249,POZO DEL MOLINA
968,San Martín,416,X5191,CALMAYO
969,Alsina,264,B2812,CAPILLA
970,Alberdi,865,G4187,EL GRAMILLAR
971,Sarmiento,576,M5636,LA MORA
972,Moreno,466,E3287,ARROYO CONCEPCION
973,Pueyrredón,821,A4530,PIEDRA DEL PORTILLO
974,French,708,L6315,VILLA SAN JOSE
975,Lavalle,87,K4723,LOS ESTANTES
976,Pueyrredón,944,Q8322,BARRIO PELIGROSO
977,Belgrano,689,B7130,CHASCOMUS ESTAFETA No.3
978,Sarmiento,441,W3403,ALBARDONES
979,Laprida,826,E3153,PUENTE VICTORIA
980,Pueyrredón,842,T4113,LAS ACOSTILLAS
981,España,46,Q8349,VILU MALLIN
982,Alsina,72,U8532,EMPALME PUERTO LOBOS
983,Alberdi,728,E3134,HASENKAMP
984,Güemes,496,A4421,CACHO MOLINO
985,French,610,A4193,RIO URUEÑA (APEADERO FCGB)
986,Alsina,124,X5129,PUNTA DEL AGUA (DPTO.RIO PRIMERO)
987,España,812,K4231,CANDELARIA (ANJULI
988,Pueyrredón,734,R8333,PLANICIE DE JAGUELITO
989,Mitre,185,B1649,ARROYO TOLEDO (PALMAS)
990,Saavedra,524,F5301,AMINGA
991,Saavedra,30,G3760,VILLA ABREGU
992,Rivadavia,845,X5101,BAJO GRANDE
993,French,845,X5143,MIRAMAR
994,Belgrano,955,E3252,COLONIA SAN JORGE (VILLA CLARA
995,Alberdi,596,G4350,CRUZ CHULA
996,Alberdi,811,D5719,EL CALDEN (SAN GERONIMO
997,Mitre,748,R8412,PICHI LEUFU ARRIBA
998,España,202,X5009,BARRIO PARQUE COREMA
999,Saavedra,805,U9020,ISLA NUEVA
1000,O'Higgins,63,G5257,LA GRITERIA
1001,Rivadavia,434,D5753,CHUTUNSA
1002,España,259,H3708,PAMPA BORRACHO
1003,Pueyrredón,923,N3351,LOTE 117 (ESCUELA 121)
1004,French,745,Z9301,PIEDRA CLAVADA (TRES LAGOS
1005,Belgrano,580,Y4631,DOGLONZO
1006,San Martín,464,S3001,CAMPO ITURRASPE
1007,San Martín,796,Z9313,LOS MANANTIALES
1008,Sarmiento,904,W3481,ISLA TACUARA
1009,Dorrego,26,S6106,AARON CASTELLANOS
1010,Güemes,840,G4206,LA VUELTA (DPTO. CAPITAL)
1011,Chile,903,G4237,CHILLIMO
1012,Mitre,295,A4633,RODEO COLORADO
1013,Güemes,364,Y4504,JARAMILLO
1014,Alsina,677,U9007,VISSER
1015,O'Higgins,820,B1773,INGENIERO BUDGE
1016,Rivadavia,992,P3636,CAMPO GRANDE
1017,Urquiza,559,T4111,SUELDOS (APEADERO FCGB)
1018,San Martín,155,X5299,LOMA REDONDA
1019,Saavedra,207,T4142,INGENIO ÑUÑORCO
1020,Dorrego,925,G4184,EL MOLAR
1021,Laprida,874,A4444,LA POBLACION (EL GALPON - DPTO. METAN)
1022,Dorrego,980,D5751,SAN GREGORIO
1023,Tucumán,922,D5721,PASO DE LAS VACAS
1024,Alberdi,500,G4301,RETIRO (VILLA PALMAR
1025,Mitre,430,W3302,SANTA TECLA
1026,Chile,383,X5131,SANTA ELENA (NUÑEZ DEL PRADO-DPTO.COLON)
1027,Tucumán,994,B1723,BARRIO SANTA ISABEL (MARIANO ACOSTA
1028,Mitre,671,G4200,HUAICO HONDO
1029,Sarmiento,483,B6022,SAFORCADA
1030,Moreno,727,T4242,SIMBOL
1031,French,377,D5721,CHISCHACA (EMBARCADERO FCGSM)
1032,España,667,H3700,PAMPA LOCA
1033,Dorrego,581,S3042,MARCELINO ESCALADA
1034,French,607,T4115,AGUA AZUL
1035,Dorrego,354,P3630,LAS LOMITAS
1036,Mitre,24,T4124,TACANAS (SAN PEDRO DE COLALAO
1037,San Martín,430,B1806,BARRIO LUJAN
1038,Tucumán,160,J5460,LA OVERA
1039,España,736,X5119,MONTE GRANDE (RAFAEL GARCIA-DPTO.SANTA MARIA)
1040,Saavedra,264,L6315,ZONA RURAL DE MIRASOL
1041,San Martín,853,B1856,BARRIO PARQUE IPONA
1042,Rivadavia,727,S3550,JOBSON
1043,Lavalle,585,E2823,PERDICES
1044,Mitre,555,Z9400,MARCATCH AIKE
1045,O'Higgins,166,X5280,OLIVARES SAN NICOLAS
1046,Alberdi,240,B6242,DRABBLE
1047,Laprida,481,B1688,SANTOS TESEI
1048,Chile,858,X2559,EL PARAISO (CINTRA
1049,Sarmiento,590,G4301,JUMI VIEJO
1050,Urquiza,183,T4124,MONTE BELLO (SAN PEDRO DE COLALAO
1051,French,611,X6275,LA NACIONAL
1052,Lavalle,511,X5284,EL PUESTO (VILLA DE SOTO
1053,Moreno,880,Q8340,BAJADA DE LOS MOLLES
1054,French,833,S3553,COLONIA SAGER
1055,Pueyrredón,104,E3261,LA MARIA LUISA
1056,Belgrano,57,K4701,ANCASTI
1057,Saavedra,699,D5711,LA FLORIDA (QUINES - DPTO. AYACUCHO)
1058,Sarmiento,741,M5603,INGENIERO BALLOFFET
1059,Alberdi,280,N3300,SAN ISIDRO (POSADAS
1060,Pueyrredón,395,B7225,LA MASCOTA (REAL AUDIENCIA
1061,Chile,616,T4101,CAÑADA DE LOS NOGALES
1062,Laprida,586,B1684,EL PALOMAR ESTAFETA No.3
1063,Alsina,25,D5715,BALDE DE ESCUDERO
1064,Tucumán,517,Y4653,PASTO PAMPA
1065,Belgrano,427,B7631,MALECON GARDELLA
1066,San Martín,356,B1642,BARRIO GENERAL PUEYRREDON
1067,Tucumán,406,Q8318,CUTRICUTILEO
1068,Lavalle,857,A4425,SANTA ELENA (GUACHIPAS
1069,Urquiza,39,G3741,HAASE
1070,Alberdi,909,X5189,VILLA CIUDAD DE AMERICA
1071,Güemes,741,B8126,LA COLORADA CHICA
1072,French,920,X5943,CAMPO BANDILLO
1073,Laprida,414,K5341,LA RAMADITA
1074,Dorrego,610,W3485,MONTAÑA
1075,Lavalle,935,G4301,POZO DEL CASTAÑO
1076,Pueyrredón,97,G4354,LA PAZ (HURITU HUASI-DPTO.SARMIENTO)
1077,Moreno,541,B2701,DOCE DE AGOSTO
1078,Güemes,333,Z9303,LAS MERCEDES
1079,Chile,415,T4135,SANTA ELENA
1080,Lavalle,102,W3226,KILOMETRO 104 (APEADERO FCGU)
1081,Rivadavia,629,A4446,EL TUNAL (DPTO. METAN)
1082,Güemes,167,B1665,BARRIO VILLA ALTUBE
1083,Alsina,338,B1881,SANTA ISABEL (SAN FRANCISCO SOLANO
1084,Pueyrredón,998,B6407,GIRODIAS
1085,Chile,325,B6605,KILOMETRO 83
1086,Chile,646,X2661,CAMPO NATA
1087,Pueyrredón,683,B8134,LAS ESCOBAS
1088,Pueyrredón,579,T4119,SAN MIGUEL (BURRUYACU
1089,French,496,E3118,RAMON A. PARERA
1090,French,631,G4353,ROSARIO
1091,Alsina,519,Y4644,MINA SAN FRANCISCO
1092,San Martín,508,B8181,LAS VASCONGADAS
1093,Sarmiento,374,Q8347,COCHICO
1094,Tucumán,782,B2701,DOCE DE AGOSTO
1095,French,396,X2662,BAJO DEL BURRO
1096,Moreno,163,G5250,POZO ESCONDIDO
1097,Saavedra,544,H3501,EL PALMAR (RESISTENCIA
1098,Dorrego,574,M5579,MUNDO NUEVO
1099,Lavalle,597,L6321,EL SILENCIO
1100,Saavedra,195,G4233,SAN PEDRO (CHOYA
1101,San Martín,949,L8200,MEDANO COLORADO
1102,O'Higgins,908,L6221,COLONIA LAS MERCEDES
1103,Mitre,887,D5701,CRUZ DE CAÑA (CERROS LARGOS
1104,Saavedra,158,G5251,LA ABRA (CAJON
1105,Dorrego,173,D6721,LAS GAMAS
1106,Alsina,790,T4137,LARA
1107,San Martín,267,A4405,EL DORADO
1108,Tucumán,590,E3125,ANTONIO TOMAS
1109,Pueyrredón,94,E3170,KILOMETRO 231 (APEADERO FCGU)
1110,Alsina,881,K4753,PIEDRA LARGA
1111,Pueyrredón,1000,B6700,SANTA ELENA (LUJAN
1112,Güemes,854,G4354,CAMPO VERDE (LA CAÑADA
1113,Tucumán,293,M5533,LAVALLE
1114,Alberdi,842,B2754,EL CARMEN (VIÑA
1115,Alberdi,463,N3306,SIERRAS SAN JUAN
1116,Mitre,942,T4101,BARRIO RIVADAVIA
1117,Lavalle,380,N3360,YERBAL VIEJO SECCION 1
1118,Moreno,35,K4715,CHAVARRIA
1119,Belgrano,503,G3062,LA ISLETA
1120,Pueyrredón,325,N3306,NUEVA VALENCIA
1121,Sarmiento,326,H3518,LAS PALMAS
1122,Alsina,236,T4178,EL PUESTO (RANCHILLOS
1123,Rivadavia,133,U9121,EL CONDOR
1124,Lavalle,690,M5613,LAS JUNTAS
1125,Alberdi,837,M5565,COLONIA LAS ROSAS
1126,Belgrano,465,B1686,HURLINGHAM ESTAFETA No.2
1127,Dorrego,651,X5212,LOS CHAÑARES (AVELLANEDA-DPTO.ISCHILLIN)
1128,Laprida,631,N3324,ROCA CHICA
1129,Belgrano,371,R8417,LA ESTRELLA
1130,O'Higgins,693,Y4516,LOS BAÑOS TERMALES
1131,Rivadavia,858,X5801,COLONIA LA PIEDRA
1132,Chile,278,B1744,MORENO
1133,Tucumán,396,X5178,EL ROSARIO (LA CUMBRE
1134,Laprida,755,B1980,CORONEL BRANDSEN
1135,Lavalle,774,B1649,ARROYO LAS BOGAS
1136,Mitre,380,G4302,LOMA NEGRA
1137,San Martín,348,Q8353,LOS TRES CHORROS
1138,Chile,474,W3403,LAGUNA ALFONSO
1139,Dorrego,661,D5715,LAS PALOMAS
1140,Chile,130,X5285,LA PLAYA
1141,Tucumán,926,A4417,PUERTA DE LA PAYA
1142,España,929,F5313,ESTACION MAZAN
1143,Alberdi,338,B6600,SEMINARIO PIO XII
1144,Pueyrredón,694,A4193,LAS TUNILLAS
1145,Moreno,83,X5107,EL PUEBLITO (DEPTO. COLON)
1146,Lavalle,25,B1636,LA LUCILA
1147,O'Higgins,589,D5750,LAS ROSAS
1148,Laprida,779,E3127,PUERTO ALGARROBO
1149,Moreno,754,W3185,COLONIA PAIRIRI
1150,Dorrego,599,B1649,ARROYO CRUZ DEL CAMBADO
1151,Alberdi,352,U9007,LAS VIOLETAS
1152,España,469,T4146,ILTICO
1153,Dorrego,444,B6555,CORONEL MARCELINO FREYRE
1154,Chile,427,N3315,PICADA SAN JAVIER (LENADRO N. ALEM
1155,Belgrano,793,P3636,EL CHORRO
1156,Mitre,370,D5721,PASO DE LAS CARRETAS (BEAZLEY
1157,Chile,489,N3317,CAMPIÑA DE BONPLAND
1158,Alsina,407,G4354,LA LOMA (HURITU HUASI
1159,Güemes,394,D5721,LAS COLONIAS
1160,Tucumán,572,N3355,BRETES MARTIRES
1161,Pueyrredón,957,R8138,CORONEL EUGENIO DEL BUSTO
1162,Tucumán,169,Y4632,CHAUPI RODERO
1163,O'Higgins,414,K4139,CHAFIÑAN
1164,French,730,T4122,PUESTO GRANDE
1165,Moreno,20,B7603,LA MADRECITA
1166,Tucumán,730,B6453,LAS TOSCAS
1167,Sarmiento,449,Y4618,HUACHICHOCANA
1168,Alsina,156,S3014,ANGEL GALLARDO
1169,España,620,P3628,LOS ESTEROS
1170,Mitre,836,H3730,CHARATA
1171,Pueyrredón,576,B8150,LA SIRENA
1172,Sarmiento,276,A4407,EL TUNAL (CAMPO QUIJANO
1173,Chile,863,B6015,LOS HUESOS
1174,Urquiza,439,K4718,LOS GALPONES
1175,French,667,S2000,BARRIO LUDUEÑA SUD
1176,Laprida,524,G4301,BELGRANO (SAN JOSE DEL BOQUERON
1177,Lavalle,261,G4301,MONTE REDONDO (DPTO. FIGUEROA)
1178,Mitre,601,X5220,ABBURRA
1179,España,301,B8000,BAHIA BLANCA
1180,Moreno,550,D5755,QUEBRADA SAN VICENTE
1181,Laprida,226,D5701,LAS BARRANQUITAS (TRAPICHE - DPTO. PRINGLES)
1182,Mitre,55,F5385,PULUCHAN
1183,Güemes,394,J5442,LA PUNTILLA (DPTO. CAUCETE)
1184,España,912,Z9301,LA FLORIDA
1185,España,441,X5189,TECERA
1186,O'Higgins,382,Q8318,LA FELICIDAD
1187,Belgrano,107,U9207,CAÑADA BAGUAL
1188,O'Higgins,407,X6128,SALAS
1189,Mitre,311,G4301,AREAS
1190,Pueyrredón,810,G4452,PICOS DE AMOR
1191,Güemes,906,F5383,ESQUINA DEL SUD
1192,España,471,K5331,LA ISLA (RIO COLORADO
1193,Saavedra,818,A4409,LAS ZORRAS DE SAN BERNARDO
1194,Rivadavia,147,W3409,PASO DE LA PATRIA
1195,Lavalle,553,E3183,LA HIERRA
1196,Urquiza,967,B7020,CAMINERA JUAREZ
1197,Chile,869,T4143,LOS NOYES
1198,Pueyrredón,262,F5301,EL BAYITO
1199,Pueyrredón,843,X5216,LAS CAÑAS (SAN JOSE DE LAS SALINAS
1200,España,59,D5721,ESTACION ZANJITAS
1201,Dorrego,482,A4446,MOLLE POZO
1202,España,261,K5260,LA BUENA ESTRELLA
1203,Lavalle,988,G4339,KILOMETRO 651 (APEADERO FCGB)
1204,Tucumán,281,S2403,BAUER Y SIGEL
1205,Alsina,303,G4197,SIETE ARBOLES
1206,Belgrano,338,M5509,BARRANQUERO
1207,Mitre,439,G4301,TACANILLAS
1208,Alsina,23,E3212,SAN PEDRO (LA QUERENCIA
1209,Sarmiento,833,A4419,TOMUCO
1210,Tucumán,276,W3454,LA CELIA (BUENA VISTA
1211,Güemes,432,G4332,BLANCA POZO
1212,Dorrego,729,W3450,SAN DIONISIO
1213,España,312,L6323,PASO DE LOS PUNTANOS
1214,French,109,Q8370,FILO-HUAHUN
1215,Alberdi,63,X5109,VILLA TORTOSA
1216,España,899,W3403,TRIPOLI
1217,Sarmiento,565,L6305,ROLON
1218,Güemes,55,G4208,KILOMETRO 112 (APEADERO FCGB)
1219,San Martín,773,N3322,COLONIA ROCA CHICA
1220,Belgrano,751,B1649,ARROYO VICO
1221,Rivadavia,180,W3197,ABRA GUAZU
1222,Dorrego,76,D5719,PUERTO ALEGRE
1223,Moreno,695,J5443,PUNTILLA BLANCA (EMBARCADERO FCGSM
1224,Tucumán,990,S2605,RASTREADOR FOURNIER (ESTACION FCGM)
1225,Chile,897,T4101,RIO LORO
1226,O'Higgins,688,B1816,COLONIA SANTA ROSA (PDO. CAÑUELAS)
1227,Tucumán,459,B2715,LA MARGARITA (EL SOCORRO
1228,Laprida,851,W3196,LA AMISTAD
1229,Pueyrredón,944,Z9405,LAGO ARGENTINO
1230,San Martín,49,W3405,KILOMETRO 148
1231,O'Higgins,656,L6221,LA VICTORIA (INTENDENTE ALVEAR
1232,Sarmiento,889,J5417,CHACRITAS
1233,Alsina,61,X5153,SAN ANTONIO DE ARREDONDO
1234,Rivadavia,231,U9121,TALAGAPA
1235,Moreno,537,A4554,CAPITAN JUAN PAGE
1236,Laprida,246,X6142,KILOMETRO 545 (FCGSM)
1237,Alsina,950,D5721,LOS CHAÑARITOS
1238,España,478,U9201,COLONIA EPULIEF
1239,Güemes,472,G5255,MONTE VERDE (BAEZ
1240,O'Higgins,664,L6333,ALFREDO PEÑA
1241,Rivadavia,939,M5549,ALTO DE LOS MANANTIALES
1242,Mitre,665,N3364,TOBUNAS
1243,Alberdi,920,B1759,RUTA 3 KILOMETRO 27 AL 29
1244,Alberdi,241,B6451,ANCON
1245,O'Higgins,880,P3620,EL COGOIK
1246,Belgrano,724,B7603,COMANDANTE NICANOR OTAMENDI
1247,O'Higgins,519,D5753,EL PANTANO
1248,Sarmiento,644,B1925,CAMBACERES (ENSENADA
1249,Saavedra,203,X5244,LA HIGUERITA (SAN JOSE DE LA DORMIDA-DPTO.TULUMBA)
1250,Saavedra,953,M5584,CHIMBA
1251,Mitre,933,G4321,MALOTA
1252,España,708,U9111,CAMARONES
1253,Alsina,854,R8505,CERRO FRANCISCO
1254,San Martín,193,G4220,VILLA BALNEARIA
1255,Mitre,196,G5250,CALERAS
1256,O'Higgins,920,E3100,BAJADA GRANDE
1257,San Martín,840,N3327,COLONIA ROCA
1258,Alsina,878,B1742,BARRIO LA RECONQUISTA
1259,Belgrano,755,B6500,SAN JUAN (9 DE JULIO
1260,Sarmiento,922,E3177,RAICES AL NORTE
1261,O'Higgins,131,T4128,SAN JOSE DE LULES
1262,San Martín,312,K5261,BAÑADO DE DIVISADERO
1263,Laprida,950,E3183,FORTUNA
1264,Urquiza,642,Q8401,COIHUE
1265,Dorrego,130,B1649,ARROYO CIEGUITO
1266,España,46,D5705,LA PORFIA
1267,Laprida,590,T4158,NARANJO ESQUINA
1268,Lavalle,677,Q8341,LA ARBOLEDA
1269,Alberdi,147,B1746,BARRIO LA REJA GRANDE
1270,Alsina,545,D5703,LEANDRO N. ALEM
1271,Tucumán,505,L6331,COLONIA GIUSTI
1272,Alsina,470,X5807,PASTOS ALTOS
1273,Pueyrredón,419,B1727,ELIAS ROMERO
1274,Saavedra,732,E2805,ARROYO BRASILERO
1275,Chile,685,B1987,ALEGRE
1276,Dorrego,670,B7601,BARRIO BATAN
1277,Mitre,718,X5282,SANTA ISABEL (CHARBONIER-DPTO.PUNILLA)
1278,Urquiza,240,B6411,BRAVO DEL DOS
1279,Güemes,840,E3287,SEXTO DISTRITO COLON
1280,Tucumán,328,Q8403,EL MANZANO (PASO FLORES
1281,Pueyrredón,531,M5560,LAS ROSAS
1282,Sarmiento,548,G5250,SAN PEDRO (OJO DE AGUA-DPTO.OJO DE AGUA)
1283,Laprida,38,S3074,AGUARA
1284,O'Higgins,871,T4111,SANTA ROSA DE LEALES
1285,España,381,G4203,VIZCACHERAL
1286,Dorrego,228,A4401,LOS SAUCES (CALDERA
1287,Lavalle,377,B7108,MAR DEL TUYU
1288,Alberdi,896,A4409,INGENIERO MAURY
1289,Sarmiento,224,X2436,VILLA DELTRANSITO
1290,Alberdi,298,K4701,CANDELARIA (DPTO. ANCASTI)
1291,Moreno,179,B7631,QUEQUEN ESTAFETA Nº2
1292,O'Higgins,103,B8146,EL RINCON (MAYOR BURATOVICH
1293,Rivadavia,959,T4137,CASAS VIEJAS
1294,Rivadavia,579,F5383,TALA VERDE
1295,Mitre,118,X5101,PASO DEL SAUCE
1296,Saavedra,187,S2204,TIMBUES
1297,Mitre,337,T4122,CHUSCHA
1298,O'Higgins,561,N3363,9 DE JULIO (ALBA POSSE
1299,Belgrano,612,D6216,LAS CORTADERAS
1300,Urquiza,276,G4354,LA ESPERANZA (LA BREA
1301,Dorrego,692,B6665,PEDERNALES
1302,Pueyrredón,392,R8417,EL JARDINERO
1303,Urquiza,117,K4235,SAUCE HUACHO (EL ALTO-DPTO.EL ALTO)
1304,Urquiza,714,B7623,CAMPO LEITE
1305,San Martín,456,X5000,BARRIO JORGE NEWBERY
1306,Lavalle,998,W3407,PASO SALDAÑA
1307,Dorrego,228,X6141,TOSQUITA
1308,Dorrego,679,T4176,CAÑADAS
1309,Belgrano,575,E3272,ESTANCIA COLONIA LA PRIMAVERA
1310,Güemes,464,A4193,EL CEIBAL
1311,Pueyrredón,784,T4115,LOS CHAÑARITOS (AGUA DULCE
1312,Belgrano,817,Q8400,ISLA VICTORIA
1313,San Martín,392,X5101,CAMINO A PUNTA DEL AGUA
1314,Saavedra,540,T4141,EL ARBOLAR
1315,Dorrego,628,H3730,COLONIA JUAN LARREA
1316,Lavalle,326,J5446,LAS SALINAS
1317,Urquiza,692,S2313,COLONIA ORTIZ
1318,Mitre,273,S3560,BARRIO MARIANO MORENO
1319,O'Higgins,614,X5155,EL PILCADO
1320,Dorrego,730,Y4518,VINALITO
1321,O'Higgins,270,E3116,ESPINILLO
1322,España,246,E2824,FAUSTINO M. PARERA
1323,Sarmiento,583,E2826,URDINARRAIN
1324,Laprida,804,H3536,LAS BANDERAS
1325,Alsina,181,D5721,PUNTA DEL CERRO NORTE
1326,Lavalle,831,T4103,EL TIRO ARGENTINO (APEADERO FCGB)
1327,Moreno,117,N3315,PICADA RUSA
1328,Belgrano,924,X5153,PUESTO GUZMAN
1329,Dorrego,854,U9103,PUERTO RAWSON
1330,Alsina,704,L6313,SAN JOSE (WINIFREDA
1331,Alsina,84,B6411,PAPIN
1332,Belgrano,240,B6459,COLONIA SERE
1333,Chile,546,B1913,ATALAYA
1334,Lavalle,779,Q8309,VISTA ALEGRE SUR
1335,Moreno,913,X5220,MALABRIGO
1336,San Martín,193,F5475,EL POTRERILLO (DPTO. ROSARIO VERA PEÑALOZA)
1337,Alsina,756,B6557,PAULA
1338,Moreno,925,N3304,KILOMETRO 577 (APEADERO FCGU)
1339,San Martín,899,H3700,PAMPA GALPON
1340,Mitre,750,G4203,SANTOS LUGARES (GUAMPACHA
1341,Moreno,401,Q8315,NOGUEIRA
1342,Pueyrredón,681,T4126,EL BRETE
1343,Dorrego,599,A4421,FACUNDO ZUVIRIA
1344,French,356,W3470,CALLEJON
1345,French,331,E3111,CHAÑAR
1346,Güemes,513,Q8349,MULICHINCO
1347,French,511,B1649,ARROYO CRUZ DEL CAMBADO
1348,Sarmiento,942,X5291,CAÑADA DE LAS GATIADAS
1349,Tucumán,220,S2407,ESTACION CLUCELLAS
1350,O'Higgins,645,U9200,LA CANCHA (EMBARCADERO FCGR)
1351,Rivadavia,383,B6507,MOREA
1352,Laprida,703,B7172,GENERAL PIRAN
1353,Güemes,150,J5467,MACLACASTO
1354,Mitre,934,T4117,POZO HONDO (MACOMITA
1355,Lavalle,713,H3732,PALMAR NORTE
1356,Belgrano,932,S2409,ZENON PEREIRA
1357,Laprida,607,L8201,LUHUE CALEL
1358,Urquiza,216,M5570,LIBERTADOR GENERAL SAN MARTIN
1359,Mitre,746,X5907,COLONIA SILVIO PELLICO
1360,Rivadavia,942,B6628,LA DORMILONA
1361,Pueyrredón,929,T4149,JAYA
1362,Urquiza,343,B7174,LA TOBIANA
1363,Pueyrredón,287,M5537,LOS SAUCES-LAVALLE
1364,Belgrano,618,W3342,GOBERNADOR INGENIERO VALENTIN VIRASORO
1365,Rivadavia,120,S3016,BARRIO VILLA LUJAN
1366,Mitre,140,L6300,SANTA ROSA
1367,San Martín,606,B7116,LA PIEDRA
1368,Tucumán,938,B1663,SAN MIGUEL
1369,French,78,X5129,TIMON CRUZ
1370,Laprida,249,Q8401,LA ARAUCARIA
1371,España,477,X5006,BARRIO MALDONADO
1372,Alberdi,42,G4350,KILOMETRO 546 (APEADERO FCGB)
1373,Tucumán,317,E3155,TRES BOCAS
1374,Tucumán,231,X5891,EL MIRADOR
1375,Lavalle,884,W3342,IBERA
1376,Sarmiento,734,B1649,ARROYO MORAN
1377,Lavalle,164,X5850,LOS POTREROS
1378,Pueyrredón,55,P3636,BUEN LUGAR
1379,Lavalle,578,W3196,JESUS MARIA
1380,O'Higgins,125,J5435,CAMPO DE BATALLA
1381,Mitre,604,L8204,SAN FERNANDO
1382,Rivadavia,853,G5255,CUCHI CORRAL
1383,Saavedra,427,G4301,BABILONIA
1384,Alsina,776,A4440,BALDERRAMA
1385,O'Higgins,753,P3611,GARCETE CUE
1386,Rivadavia,337,B1737,LA CHOZA
1387,Saavedra,494,T4174,LOS LESCANOS
1388,San Martín,949,T4111,AGUADA
1389,Belgrano,997,Z9303,TAUEL AIKE
1390,Alsina,482,X5887,LA AGUADITA (NONO-DPTO.SAN ALBERTO)
1391,Sarmiento,119,B1761,BARRIO EL SOL (PONTEVEDRA
1392,French,690,B2900,BARRIO PARQUE
1393,Laprida,511,L6303,PICHI-HUILCO
1394,Belgrano,133,W3423,SAN JOSE (CONCEPCION - DPTO. CONCEPCION)
1395,Pueyrredón,967,Y4624,JUELLA
1396,Alberdi,785,T4166,KILOMETRO 5 (APEADERO FCGB)
1397,O'Higgins,807,A4400,BARRIO OBRERO
1398,O'Higgins,305,D5707,LAS MESIAS
1399,French,302,D5759,MOLLECITO
1400,Saavedra,732,B6661,SAN ENRIQUE (PDO. 25 DE MAYO)
1401,Saavedra,987,B1763,PUENTE EZCURRA
1402,Chile,348,H3513,GENERAL OBLIGADO
1403,Rivadavia,635,S3581,ISLETA
1404,España,885,G3749,NUEVO LIBANO
1405,Alberdi,917,G3064,LA DOLORES
1406,España,226,Z9019,DIECINUEVE DE SEPTIEMBRE
1407,Mitre,264,W3197,COLONIA BERON DE ASTRADA
1408,Sarmiento,457,B2751,COLONIA LA NORIA
1409,Chile,781,R8412,SAN PEDRO (PILCANIYEU
1410,Moreno,117,B7600,BARRIO FARO NORTE
1411,Mitre,527,G3761,MIEL DE PALO (ESTACION FCGB)
1412,French,865,X5205,EL ROSARIO (SAN PEDRO NORTE
1413,Güemes,577,N3355,PASO PORTEÑO
1414,Moreno,916,R8417,KILI MALAL
1415,O'Higgins,168,E3153,QUINTO CUARTEL VICTORIA
1416,O'Higgins,484,T4000,BARRIO NICOLAS AVELLANEDA
1417,Tucumán,650,X5875,LOMITAS (TRAVESIA-DPTO.SAN JAVIER)
1418,Güemes,393,K4723,CACHI
1419,Belgrano,611,M5636,LOS HUARPES (APEADERO FCDFS)
1420,Alsina,441,G3743,EL VEINTISIETE
1421,Dorrego,805,K4715,EL RODEO
1422,Dorrego,587,X5285,LOS MISTOLITOS
1423,Rivadavia,483,E2826,COSTA SAN ANTONIO
1424,Güemes,181,B2711,COLONIA LA VANGUARDIA
1425,Belgrano,201,X5203,RIO GRANDE (TULUMBA-DPTO.TULUMBA)
1426,Dorrego,964,X5870,CORRAL DE CABALLOS
1427,Rivadavia,262,D5750,LAS PEÑAS
1428,Laprida,686,W3230,LA COLORADA
1429,Alsina,450,R8503,GENERAL CONESA
1430,O'Higgins,124,B8150,CAMPO LA LIMA
1431,Dorrego,688,T4105,LOS VAZQUEZ
1432,Mitre,178,G5255,EL RETIRO (SOL DE JULIO
1433,O'Higgins,420,U9210,FITHEN VERIN
1434,San Martín,775,X5201,LA MAJADILLA
1435,Chile,111,X5963,EL CORRALITO
1436,Belgrano,284,B7000,LA NUMANCIA
1437,Tucumán,598,Y4630,QUIMAZO
1438,Alsina,172,G4304,CHAÑAR POZO (DPTO. RIO HONDO)
1439,Chile,58,S3044,GOBERNADOR CRESPO
1440,Mitre,231,B1744,BARRIO CASCALLARES
1441,Alsina,581,X5850,RIO TERCERO
1442,Moreno,979,L6303,COLONIA FERRARO
1443,Belgrano,787,N3315,ONCE VUELTAS
1444,Laprida,461,H3718,AMAMBAY
1445,Chile,285,M5539,SANCHEZ DE BUSTAMANTE
1446,Pueyrredón,780,B2900,BARRIO CARCEL
1447,Belgrano,583,U8415,ÑORQUINCO SUD
1448,Laprida,317,D5753,LOS LECHUZONES
1449,Pueyrredón,537,Y4600,BARRIO JOHN F. KENNEDY
1450,O'Higgins,373,A4550,EL CUCHILLO
1451,Laprida,688,B7500,LAS VAQUERIAS
1452,España,341,E3118,COLONIA NUEVA
1453,Alsina,701,G3752,TOBAS
1454,Laprida,110,G5251,ANCOCHE
1455,Tucumán,347,M5603,PEDRO VARGAS
1456,Rivadavia,353,Z9050,TELLIER (ESTACION FCGR)
1457,Chile,458,B6400,LERTORA
1458,Saavedra,775,X5199,VILLA LAGO AZUL
1459,Tucumán,561,R8360,BAJO RICO
1460,España,66,L6352,PUEBLO QUINTANA
1461,Rivadavia,721,X5205,ALTO VERDE
1462,Alberdi,160,E2841,LAS COLAS
1463,España,297,Y4640,PUERTA POTRERO
1464,Lavalle,822,G4314,TORO POZO (GARZA
1465,French,326,G5255,EL FUERTE
1466,Belgrano,180,D5703,BALDE DEL ROSARIO
1467,Chile,969,B7521,LAS GAVIOTAS
1468,Mitre,28,W3344,SANTA ANA (ALVEAR-DPTO.GRAL.ALVEAR)
1469,Moreno,746,S2401,COLONIA CASTELAR
1470,Alsina,62,W3463,PASO DE MULA
1471,Saavedra,600,S2311,COLONIA MAUA
1472,Tucumán,247,A4432,LA OFELIA
1473,Moreno,927,G4189,SANTA MARIA DE LAS CHACRAS
1474,O'Higgins,901,G3749,CAMPO ALEGRE (LA ESPERANZA
1475,Laprida,101,B1649,ARROYO MORAN
1476,Tucumán,378,Y4630,QUIMAZO
1477,Belgrano,527,G4354,EL VIZCACHERAL
1478,Güemes,818,D5721,EL CERRILLO
1479,Urquiza,361,W3448,BALENGO
1480,Güemes,789,A4193,SANTA CATALINA
1481,Belgrano,893,W3344,TRES CAPONES
1482,Sarmiento,750,N3334,PUERTO MBOPICUA
1483,Saavedra,421,R8417,LA MIMOSA
1484,Moreno,725,K4230,CORRALITOS
1485,Sarmiento,182,Q8349,CERRO DE LA PARVA
1486,Pueyrredón,313,B1655,BARRIO LIBERTADOR
1487,Saavedra,727,B6343,MAZA
1488,O'Higgins,358,E3212,EL REFUGIO
1489,San Martín,567,B6403,BADANO
1490,España,477,K4701,LA ESTANCIA (CASA ARMADA
1491,Sarmiento,170,T4122,CASA DE ALTO
1492,Tucumán,774,L8206,EL VASQUITO
1493,Chile,350,Y4618,CHORRILLO
1494,Alsina,138,X5885,EL PANTANILLO (LA RABONAS
1495,Urquiza,625,H3716,FORTIN LAS CHUÑAS
1496,French,297,E3101,SAN FRANCISCO (ALDEA SPATZENKUTTER
1497,Dorrego,146,T4286,SAN JOSE (LAS CEJAS
1498,Dorrego,815,B1903,LAS CHACRAS (MELCHOR ROMERO
1499,Belgrano,190,D5753,PUESTITO
1500,French,115,U9039,LA NICOLASA
1501,España,185,X5280,RIO DE LA POBLACION
1502,Saavedra,118,S3081,COLONIA LA NUEVA
1503,Rivadavia,602,K5261,EL MILAGRO (ESQUIU
1504,Alsina,583,X5871,SAN MIGUEL (SAN VICENTE-SAN ALBERTO-DPTO.SAN ALBERTO)
1505,Belgrano,384,H3513,GENERAL OBLIGADO
1506,Chile,973,G4208,TUSCA POZO (LORETO
1507,Güemes,967,E3244,LA AMIGUITA
1508,O'Higgins,409,R8416,SAN RAMON
1509,Dorrego,421,L6319,POITAGUE
1510,Chile,295,B1852,BARRIO ARZENO
1511,Güemes,166,T4129,CAÑADA DE YERBA BUENA
1512,Laprida,985,Q8349,EL BOSQUE
1513,Sarmiento,752,X5101,ESCUELA DE ARTILLERIA
1514,Pueyrredón,804,D5741,LA JOSEFINA
1515,Lavalle,299,B7603,SAN FELIPE
1516,Pueyrredón,477,Q8353,LILEO
1517,Pueyrredón,35,R8422,TROMENIYEU
1518,Alberdi,564,X5809,PUENTE LOS MOLLES
1519,Lavalle,99,D5731,LAS CAROLINAS
1520,Mitre,454,S2701,GENERAL GELLY
1521,Güemes,865,K5261,LAS CORTADERAS
1522,Chile,725,X5212,LA MAJADA (LOS POZOS-DPTO.ISCHILLIN)
1523,Güemes,106,Y4640,POTRERO (ABRA PAMPA
1524,Chile,572,K4716,EL GARABATO
1525,Chile,301,J5444,LAGUNA SECA
1526,Güemes,692,X5109,UNQUILLO
1527,Moreno,746,G4200,PUEBLO CENTENARIO
1528,Rivadavia,484,F5313,ESTACION MAZAN
1529,Mitre,85,E3228,COLONIA ALEMANA
1530,Pueyrredón,878,B7119,LA AMORILLA
1531,Tucumán,827,X5147,VILLA CAMPAZZO
1532,O'Higgins,218,S6100,VILLA ROSELLO
1533,Mitre,853,Q8340,ZAPALA
1534,San Martín,750,P3626,SAN LORENZO
1535,Sarmiento,457,U9121,LARRALDE
1536,Moreno,214,B1986,JEPPENER
1537,Tucumán,139,A4448,JOAQUIN V. GONZALEZ
1538,Laprida,921,K4701,IPIZCA
1539,Saavedra,372,D5707,BAÑADO
1540,Lavalle,619,X5184,LOS TERRONES
1541,Saavedra,661,D5703,RETAMO
1542,España,839,S2347,COLONIA ROSA
1543,French,530,X5807,OLAETA
1544,Rivadavia,876,B6400,MARI LAUQUEN
1545,Belgrano,303,R8418,OJOS DE AGUA (EMBARC. FCGR
1546,Saavedra,746,G5255,EL UNCO
1547,Lavalle,761,A4449,SANTO DOMINGO (APOLINARIO SARAVIA
1548,Güemes,706,B7501,INDIO RICO
1549,Belgrano,318,J5425,VILLA KRAUSE
1550,Sarmiento,883,E3164,PUEBLITO (DON CRITOBAL
1551,French,293,A4409,ENCRUCIJADA DE TASTIL
1552,Laprida,47,W3463,BUENA VISTA (SAUCE-DPTO.SAUCE)
1553,Tucumán,741,E3190,EJIDO SUD
1554,Sarmiento,804,E3212,SAN BUENAVENTURA
1555,Lavalle,724,W3441,ALGARROBO
1556,O'Higgins,957,G3062,LA ISLETA
1557,Rivadavia,689,B1878,BARRIO HORNOS
1558,Alsina,780,H3733,HERMOSO CAMPO
1559,Chile,865,G4332,SUNCHITUYOJ
1560,Pueyrredón,201,S3001,CAMPO DEL MEDIO
1561,O'Higgins,424,X5147,VILLA TRANQUILIDAD
1562,Tucumán,753,D5738,LAS TOTORITAS
1563,Belgrano,181,G4452,PICOS DE ARROZ
1564,Güemes,561,B7260,EMILIANO REYNOSO (ESTACION FCGB)
1565,Mitre,689,G4319,SABAGASTA
1566,Moreno,854,B1921,PANCHO DIAZ
1567,Laprida,85,B1649,CANAL A
1568,Chile,268,S2523,BOUQUET
1569,Rivadavia,539,D5773,PASO ALGARROBO
1570,Güemes,383,B1649,ARROYO GLORIETA
1571,San Martín,336,N3334,PUERTO TIGRE
1572,Laprida,157,P3636,EL DESMONTE (ING. JUAREZ
1573,Rivadavia,398,U9007,PAMPA PELADA
1574,Alberdi,342,E3206,COLONIA GUALEGUAYCITO
1575,Lavalle,775,X5184,ONGAMIRA
1576,San Martín,114,X5284,DESAGUADERO
1577,Güemes,525,M5563,LOS SAUCES
1578,Chile,766,E3116,ALDEA SANTA ROSA
1579,Dorrego,482,G4315,SAN LUIS (ESTACION ATAMISQUI
1580,España,600,G4315,CAÑADA SAN RAMON
1581,French,86,S3001,SAN JOAQUIN
1582,Belgrano,320,D5715,CAÑADA (LAS PALOMAS
1583,Lavalle,59,D5751,EL TALITA (SALADILLO
1584,Mitre,452,T4162,KILOMETRO 19 (APEADERO FCGB)
1585,Rivadavia,788,G5251,ONCAN
1586,Güemes,842,T4113,LOS BRITOS
1587,Moreno,991,B7116,LAS ACHIRAS
1588,Tucumán,967,X2563,MONTE CASTILLO
1589,Laprida,64,B6007,LA PINTA
1590,Urquiza,60,E3116,ALDEA MEROU
1591,Saavedra,244,X5008,BARRIO SARGENTO CABRAL
1592,Tucumán,170,W3412,TUYUTI
1593,Dorrego,450,G4301,VINAL VIEJO
1594,Güemes,602,T4111,VILLA FIAD
1595,Rivadavia,201,Q8300,LAS PERLAS
1596,Saavedra,910,X5819,VILLA LA COBA
1597,Sarmiento,477,D5711,EL RIO
1598,Alberdi,732,H3536,MARTINEZ DE HOZ
1599,Sarmiento,486,G4324,LA CRUZ (GARZA
1600,Alsina,657,X6132,COLONIA LA MAGDALENA DE ORO
1601,Urquiza,365,Z9400,CAÑADON FABRE
1602,Mitre,211,W3485,SAN MIGUEL (DPTO. SAN MIGUEL)
1603,Alberdi,745,G2354,SANTA ANA (MALBRAN
1604,Moreno,784,M5609,MONTE COMAN
1605,Belgrano,635,F5471,ILISCA
1606,French,587,X5189,COLONIA SAN IGNACIO
1607,Saavedra,485,K5261,EL QUEBRACHAL
1608,Tucumán,343,B7100,PARRAVICINI
1609,Tucumán,640,D5715,LOS CERRILOS (LAS PALOMAS
1610,Rivadavia,251,L6367,MINISTRO ORLANDO
1611,Alberdi,341,D5888,CAÑADA LA NEGRA
1612,Rivadavia,977,K5261,CABALLA
1613,French,705,Q8318,PLAZA HUINCUL
1614,Mitre,291,E2805,RIO ALFEREZ NELSON PAJE
1615,Belgrano,950,B7609,COLONIA DE VACACIONES CHAPADMALAL
1616,Chile,913,W3470,ARROYO GRANDE
1617,French,469,W3403,KILOMETRO 55 (EMBARCADERO FCGU)
1618,Lavalle,955,N3315,PICADA SUR MECKING
1619,Tucumán,166,G4184,EL RINCON (DPTO. JIMENEZ)
1620,O'Higgins,148,B1884,BARRIO RAYO DE SOL (BERAZATEGUI
1621,San Martín,469,L8203,LOS OLIVOS
1622,French,851,Z9303,LA PIGMEA
1623,Alberdi,169,B1649,ARROYO LAZARO
1624,Alsina,890,X5282,LOS PAREDONES (APEADERO FCGB)
1625,Alberdi,207,F5365,LA BANDA (FAMATINA
1626,Pueyrredón,805,G4315,COLLERA HURCUNA
1627,Belgrano,864,H3543,LOTE 25
1628,Moreno,638,P3636,MARIA CRISTINA
1629,Mitre,278,D5777,SANTA ROSA DE CONLARA
1630,Alsina,853,X5859,VILLA RIO GRANDE
1631,Tucumán,876,W3460,LOBORY
1632,Güemes,887,G4306,POZUELOS
1633,España,636,A4434,CARRERAS
1634,España,237,E3218,ARROYO PALMAR (APEADERO FCGU)
1635,Alsina,486,X5248,LAS CARDAS
1636,Güemes,206,X5821,RIO DE LOS SAUCES (DPTO.CALAMUCHITA)
1637,Moreno,628,D5771,UNQUILLO
1638,Pueyrredón,977,Y4644,MOCORAITE
1639,Urquiza,813,X5209,SANTO DOMINGO (LOMA BLANCA-DPTO.SOBREMONTE)
1640,Lavalle,632,L8214,COLONIA SANTA MARIA
1641,Pueyrredón,648,W3463,LA CARMELITA
1642,O'Higgins,87,S3001,RINCON POTREROS
1643,Belgrano,229,X5249,EL PUESTO (LA ESTANCIA
1644,O'Higgins,179,H3541,SANTA MARIA
1645,Tucumán,413,G4301,ZANJA
1646,Urquiza,597,B6105,SANTA REGINA
1647,Güemes,356,X5203,EL ARROYO
1648,Sarmiento,723,L6352,EL SALITRAL
1649,Güemes,998,Q8305,TRATAYEN
1650,Saavedra,993,H3732,MINISTRO RAMON GOMEZ
1651,French,340,G4354,BUENA VISTA (LA CAÑADA-DPTO.FIGUEROA)
1652,Pueyrredón,40,X2413,FREYRE
1653,Mitre,379,A4434,ESTANCIA VIEJA
1654,Tucumán,909,X5989,BAJO DEL CARMEN
1655,San Martín,415,T4105,VILLA ANGELINA
1656,Belgrano,186,M5537,ALTO AMARILLO
1657,Sarmiento,701,B1649,ARROYO CORRENTOSO (BARCA GRANDE)
1658,Lavalle,472,X5225,OBISPO TREJO
1659,Lavalle,471,X5107,EL MANZANO
1660,Belgrano,328,F5385,EL PORTEZUELO
1661,Mitre,641,B6403,FRANCISCO DE VITORIA
1662,Lavalle,100,A4403,OLMOS
1663,España,703,A4421,ABLOME
1664,Saavedra,712,B1804,BARRIO A.T.E.
1665,Sarmiento,698,G4208,PUESTO DE JUANES
1666,Alsina,514,W3230,QUIYATI
1667,Moreno,462,T4186,LA LIBERTAD
1668,Belgrano,989,K4139,LA QUEBRADA (SANTA MARIA-DPTO.SANTA MARIA)
1669,Moreno,698,G4206,SILIPICA
1670,Tucumán,249,T4187,CEJA POZO
1671,San Martín,553,E3170,COLONIA Nº1
1672,Laprida,449,G4300,VILLA INES
1673,Mitre,547,W3448,ROLON CUE
1674,Pueyrredón,126,X5870,SAN ROQUE (VILLA DOLORES-DPTO.SAN JAVIER)
1675,Sarmiento,353,B1744,BARRIO LOS CUATRO VIENTOS
1676,Alberdi,207,E3218,SAN SALVADOR
1677,O'Higgins,720,W3222,SANTA RITA (JUAN PUJOL-DPTO.MONTE CASEROS)
1678,Mitre,868,X6144,WASHINGTON
1679,España,949,U9223,RIO SHAMAN
1680,French,611,S3029,COLONIA ADOLFO ALSINA
1681,Chile,71,F5471,LAS TOSCAS
1682,Urquiza,827,X5107,LAS VERTIENTES DE LA GRANJA
1683,San Martín,833,W3448,NARANJITO (SAN ROQUE
1684,French,913,X5965,PLAZA VIDELA
1685,Belgrano,600,B1617,GENERAL PACHECO ESTAFETA No.2
1686,San Martín,814,B1925,GRAND DOCK
1687,Laprida,952,L6305,EL DESLINDE
1688,Pueyrredón,537,B2700,BARRIO TROCHA
1689,French,726,B1663,SAN MIGUEL ESTAFETA Nº1
1690,Saavedra,931,M5570,ALTO DEL SALVADOR
1691,Sarmiento,371,X5893,ISLA VERDE (TASMA-DPTO.SAN ALBERTO)
1692,Laprida,435,A4403,SAN MIGUEL
1693,O'Higgins,398,D5738,LA ELIDA
1694,O'Higgins,649,A4535,SANTO DOMINGO (RIVADAVIA
1695,España,500,X5285,EL CARRIZAL (LA HIGUERA
1696,Saavedra,295,X6144,LAGUNA OSCURA
1697,Moreno,756,D5831,SANTA FELISA
1698,Pueyrredón,991,X5817,LA DORMIDA
1699,Laprida,268,B1804,EZEIZA ESTAFETA No.2
1700,Moreno,930,B8134,LAS ESCOBAS
1701,Laprida,608,M5501,BARRIO LA GLORIA
1702,Chile,536,B7600,MAR DEL PLATA ESTAFETA No.34
1703,Mitre,596,M5623,LA VASCONIA
1704,Chile,281,E3137,COLONIA LA PROVIDENCIA
1705,Alberdi,809,B7403,CERRO NEGRO
1706,Alberdi,858,K4234,TAPSO
1707,O'Higgins,908,N3361,COLONIA SEGUI
1708,Rivadavia,78,D5755,ALTO DEL MOLLE
1709,Pueyrredón,959,S3060,FORTIN TOSTADO
1710,O'Higgins,240,J5435,PUNTA DEL MEDANO
1711,Güemes,499,B1980,KILOMETRO 82 (APEADERO FCGR.
1712,Güemes,178,T4101,EL TIMBO
1713,Rivadavia,803,D5711,SANTA ANA (QUINES
1714,Alsina,644,A4550,OTOMANA
1715,Dorrego,664,X2550,BELL VILLE
1716,San Martín,880,X5200,CAÑADA DEL SIMBOL
1717,Alberdi,731,W3446,KILOMETRO 387 (APEADERO FCGU)
1718,Urquiza,478,W3423,SANTA RITA (CONCEPCION-DPTO.CONCEPCION)
1719,Urquiza,581,D5707,BELLA VISTA (BOTIJAS
1720,Moreno,142,S2148,CENTENO
1721,San Martín,499,X5147,AEROPUERTO CORDOBA
1722,French,772,T4134,SAN GABRIEL
1723,Moreno,926,B2900,SAN NICOLAS SUCURSAL Nº1
1724,San Martín,606,W3481,TORO PICHAY
1725,Alberdi,859,X2436,QUEBRACHITOS
1726,Dorrego,880,B7130,LA ALAMEDA
1727,Alsina,514,T4115,PUNTA DE RIELES (EMBARCADERO FCGM)
1728,Mitre,83,B7172,HOGAR MARIANO ORTIZ BASUALDO
1729,Urquiza,112,X5199,SAN IGNACIO (DPTO.CALAMUCHITA)
1730,Mitre,373,B8134,LAGUNA CHOLITO
1731,San Martín,57,S3046,PETRONILA
1732,O'Higgins,48,B1712,CASTELAR
1733,Dorrego,803,B1812,MAXIMO PAZ
1734,Alberdi,533,B2745,KENNY
1735,Belgrano,734,B2812,CAPILLA
1736,Moreno,345,G3741,SAN MIGUEL (HAASE
1737,Mitre,855,B8000,BARRIO ROSARIO SUD
1738,Tucumán,670,Q8353,PAMPA FERREIRA
1739,España,511,A4651,CUESTA AZUL
1740,Mitre,422,D5881,PIEDRA BLANCA
1741,O'Higgins,745,X5212,LOS PEDERNALES
1742,Laprida,304,T4124,LAS TACANAS
1743,Chile,410,A4444,LA POBLACION (EL GALPON - DPTO. METAN)
1744,Rivadavia,219,B1900,LOS HORNOS
1745,Urquiza,458,X5885,EL PANTANILLO (LA RABONAS
1746,O'Higgins,80,R8503,LUIS M. ZAGAGLIA
1747,Rivadavia,209,G3741,DOS EULALIAS
1748,Sarmiento,425,X5854,EL QUEBRACHO (ALMAFUERTE
1749,Rivadavia,247,Z9303,GARMINUE
1750,Alberdi,832,X5249,LAS CORTADERAS (GUTENBERG-DPTO.RIO SECO)
1751,Saavedra,849,U9201,SIERRA DE LOS PAISANOS
1752,Alsina,510,X5212,EL TALITA (VILLA GUTIERREZ
1753,Moreno,240,P3601,EL ARBOLITO
1754,Lavalle,673,B6600,SEMINARIO PIO XII
1755,Mitre,699,K4235,LA CALERA DEL SAUCE
1756,España,715,Z9315,LAGO POSADAS
1757,Rivadavia,397,G4301,CANTAROS
1758,Alberdi,349,X2400,BARRIO RESIDENCIAL GERONIMO LUIS DE CABRERA
1759,Saavedra,856,W3483,YUQUERI (LORETO - DPTO. SAN MIGUEL)
1760,Moreno,908,X5949,CAMPO LAS VARAS
1761,Sarmiento,234,U9007,RIO CHICO
1762,O'Higgins,889,Q8340,COLCHIHUE
1763,Güemes,843,G3741,DOBLE TERO
1764,Alberdi,351,G4221,TINCO
1765,Chile,694,G5251,QUEBRACHITO
1766,Dorrego,631,E3185,FRONTERAS
1767,Pueyrredón,300,W3400,BARRIO PROGRESO
1768,Lavalle,715,J5425,COLONIA EL MOLINO
1769,Güemes,268,A4425,SAUCE REDONDO
1770,Güemes,41,G5257,RETIRO (RAMIREZ DE VELAZCO-DPTO.QUEBRACHOS)
1771,Chile,475,K4750,LA BANDA (BELEN
1772,Dorrego,242,B6537,EL CAMOATI
1773,Mitre,987,E3212,LA NOBLEZA
1774,Alsina,139,X5101,CAMINO A PUNTA DEL AGUA
1775,O'Higgins,527,J5460,LOS HORNOS
1776,Dorrego,117,G4233,POCITO DE LA LOMA
1777,Tucumán,634,X5143,VACAS BLANCAS
1778,Dorrego,840,L6325,SAN HUMBERTO
1779,Tucumán,754,P3611,SANTA ISABEL
1780,Sarmiento,36,W3454,BUENA ESPERANZA
1781,Moreno,330,S3041,MASCIAS
1782,Urquiza,354,N3361,KILOMETRO 4 PANAMBI
1783,Urquiza,37,D5753,LOS ALAMOS (PASO GRANDE
1784,French,567,B7214,LAGUNA MEDINA
1785,Moreno,713,X5105,VILLA ALLENDE
1786,Sarmiento,95,X5280,NEGRO HUASI
1787,Dorrego,482,B2801,ALTO VERDE
1788,Tucumán,394,X5123,KILOMETRO 679 (FCGM)
1789,Sarmiento,478,U9203,RIO GRANDE
1790,Alsina,180,B7172,GENERAL PIRAN
1791,Urquiza,379,B1649,ARROYO LAS PIEDRAS
1792,San Martín,417,T4113,ENTRE RIOS (LEALES
1793,Dorrego,106,G5253,PUNUITA NORTE
1794,Laprida,109,B1669,RUTA 8 KILOMETRO 41
1795,Dorrego,636,T4142,HUASA PAMPA (MONTEROS
1796,San Martín,469,B7114,SAN JOSE DE GALI
1797,French,982,A4449,LAS TORTUGAS
1798,Tucumán,295,W3485,SAN NICOLAS (SAN MIGUEL - DPTO. SAN MIGUEL)
1799,Saavedra,545,H3514,KILOMETRO 34 (EMBARCADRO FCGB-LAPACHITO-PDO.GRAL.DONOVAN)
1800,Urquiza,398,A4415,PUNTA DE AGUA
1801,España,961,K5265,CHACRITAS
1802,Belgrano,68,S2252,GALVEZ
1803,Belgrano,355,T4124,ANGOSTURA (SAN PEDRO DE COLALAO
1804,San Martín,455,G3747,LA FORTUNA (CAMPO GALLO
1805,Alsina,475,B1744,BARRIO JOSE A. CORTEJARENA
1806,Urquiza,791,T4101,VILLA MARIANO MORENO
1807,French,793,E2841,GONZALEZ CALDERON
1808,Mitre,425,G4203,POZO CERCADO (SOL DE MAYO
1809,Belgrano,120,W3470,YUQUERI (MERCEDES - DPTO. MERCEDES)
1810,Lavalle,465,G4353,TRINIDAD
1811,Alsina,784,X5249,POZO DE LOS ARBOLES
1812,Belgrano,131,G5255,CORRAL DE CARCOS
1813,San Martín,848,L8208,CAMPO DE SALAS
1814,Güemes,414,Y4626,UQUIA
1815,Moreno,200,T4000,VILLA ZENON J. SANTILLAN
1816,Pueyrredón,522,B7116,LA DESPIERTA
1817,Moreno,884,E3260,PASO DEL MOLINO
1818,Urquiza,549,E3241,RINCON DE MOJONES
1819,Saavedra,414,W3463,FERRET
1820,Lavalle,205,T4147,COLONIA PEDRO LEON CORNET
1821,Pueyrredón,766,R8328,CONTRALMIRANTE MARTIN GUERRICO
1822,España,871,F5301,VILLA BUSTOS
1823,Güemes,586,G4326,CALOJ
1824,Pueyrredón,530,X5221,AGUA SACHA
1825,España,276,X5285,EL CIENAGO
1826,Rivadavia,228,J5403,BELLA VISTA (CALINGASTA
1827,O'Higgins,887,D5738,JUSTO DARACT
1828,Tucumán,644,A4411,PIZCUNO
1829,Pueyrredón,317,W3342,KILOMETRO 479 (APEADERO FCGU)
1830,Alberdi,835,W3414,MBALGUIAPU
1831,Belgrano,689,G3736,TACO FURA
1832,Lavalle,526,W3196,SAN GUSTAVO
1833,Sarmiento,20,B1649,RIO PARANA DE LAS PALMAS
1834,Sarmiento,396,T4111,LOMA VERDE
1835,Rivadavia,927,X5101,LA CAÑADA-RIO PRIMERO
1836,Güemes,468,W3358,EL SOCORRO (PLAYADITO
1837,Alberdi,90,E3191,EL GAUCHO
1838,Dorrego,419,S3001,RINCON NORTE
1839,Moreno,570,T4124,LAS TIPAS DE COLALAO
1840,Urquiza,170,X5200,CERRO DE LA CRUZ
1841,Sarmiento,593,D5703,LA CRIOLLA
1842,Dorrego,268,D5707,BAÑADO
1843,French,749,B7263,LA PAMPA
1844,Chile,641,D5771,PAMPA GRANDE (RINCON DEL CARMEN
1845,España,61,S2317,RINCON DE TACURALES
1846,Güemes,575,Y4643,CUSI-CUSI
1847,Pueyrredón,200,L8201,CERRO LA BOTA
1848,Saavedra,88,B7163,GENERAL MADARIAGA
1849,French,311,B6000,JUNIN ESTAFETA No.2
1850,Chile,791,X5107,CANTERAS EL SAUCE
1851,Moreno,465,Q8316,NAHUEL PIL
1852,Rivadavia,765,X5295,TRES CHAÑARES
1853,Alberdi,617,D5753,LA ESQUINA DEL RIO
1854,French,470,N3355,ARRECHEA
1855,Belgrano,765,G4613,SUNCHO POZO (BREA POZO
1856,Laprida,367,X5218,LA AURA
1857,San Martín,458,T4151,FINCA ENTRE RIOS
1858,Alsina,896,T4111,LA FRONTERITA (EL BRACHO
1859,Alberdi,164,G4353,SAN FELIPE (JUMIAL GRANDE-DPTO.FIGUEROA)
1860,Chile,400,B8504,PUNTA RUBIA
1861,Belgrano,138,G5250,LAS CHACRAS (OJO DE AGUA-DPTO.OJO DE AGUA)
1862,Alsina,596,B7600,MAR DEL PLATA ESTAFETA No.35
1863,Lavalle,534,Q8341,LAPACHAL
1864,Laprida,120,X5801,RODEO VIEJO
1865,Belgrano,284,W3222,SAN SALVADOR (JUAN PUJOL - DPTO. MONTE CASEROS)
1866,Moreno,682,X5282,LOS SAUCES (DPTO.CRUZ DEL EJE)
1867,España,236,B6438,MASUREL
1868,Belgrano,57,Z9053,EL BARBUCHO
1869,O'Higgins,215,L6352,LA ATALAYA
1870,Mitre,492,X2661,SANTA FLORENTINA
1871,O'Higgins,41,U9200,BARRIO MALVINAS ARGENTINAS
1872,Belgrano,264,B6721,TATAY
1873,Rivadavia,258,W3346,LOS TRES CERROS
1874,Alberdi,862,G4187,ARENALES
1875,Tucumán,326,U9121,EL CHACAY (GAN GAN - DPTO. GASTRE)
1876,Dorrego,961,S2613,SAN GREGORIO
1877,Dorrego,842,A4452,SIMBOLAR (MACAPILLO
1878,Moreno,969,X5189,LA BETANIA
1879,Dorrego,532,H3701,SAN BERNARDO
1880,O'Higgins,234,A4425,AMBLAYO
1881,Chile,992,E3155,COSTA DEL NOGOYA
1882,Alsina,110,X2424,AMALIA
1883,O'Higgins,464,L8201,VEINTICINCO DE MAYO
1884,Pueyrredón,670,P3604,SAN HILARIO
1885,Güemes,653,W3443,LA BOLSA
1886,French,839,E3101,ALDEA BRASILERA
1887,French,226,B7101,CANAL 15
1888,Alberdi,674,R8521,SIERRA PAILEMAN
1889,Mitre,520,B6740,GREGORIO VILLAFAÑE
1890,Sarmiento,994,F5301,EL BAYITO
1891,Saavedra,636,T4166,RIO COLORADO
1892,Mitre,536,B1617,EL EMBRUJO
1893,Alsina,352,X2645,COLONIA ITALIANA
1894,Tucumán,453,A4554,CAPITAN JUAN PAGE
1895,España,638,G5250,LA TOTORILLA
1896,Saavedra,113,X5272,EL MOYANO
1897,Laprida,736,K4701,EL CHORRO (DPTO. ANCASTI)
1898,Dorrego,48,X5249,EL GALLEGO
1899,Urquiza,263,B7521,DEFERRARI
1900,Sarmiento,390,R8360,PASO PIEDRA
1901,Lavalle,818,H3540,LOTE 10
1902,Mitre,641,A4421,QUISCA LORO
1903,San Martín,136,Q8305,SAN PATRICIO DEL CHAÑAR
1904,O'Higgins,224,M5549,CACHEUTA
1905,Moreno,583,L8200,LOTE 12 (GRAL. ACHA
1906,Rivadavia,785,X5284,RAMBLON
1907,Rivadavia,580,A4564,KILOMETRO 1448 (APEADERO FCGB)
1908,Pueyrredón,830,G4206,KILOMETRO 117 (EMBARCADERO FCGB)
1909,Belgrano,716,L8214,COLONIA CAZAUX
1910,Dorrego,111,S3023,HIPATIA
1911,Moreno,654,X5244,BEUCE
1912,Tucumán,996,X6270,COLONIA DOROTEA
1913,Laprida,668,L8204,COLONIA LAS TRES PIEDRAS
1914,Alberdi,202,D6389,ALEGRIA
1915,Belgrano,23,S2119,BERNARD
1916,San Martín,509,K4716,EL GARABATO
1917,Belgrano,939,K4715,LAS CUCHILLAS (LAS PIEDRAS BLANCAS-DPTO.AMBATO)
1918,Belgrano,950,G2341,LA GERALDINA
1919,Urquiza,346,E3241,RINCON LUCAS SUD
1920,Chile,868,D5711,PUESTO DE TABERES
1921,Pueyrredón,890,R8503,LA CAROLINA
1922,Urquiza,707,T4159,CAMPO GRANDE
1923,Laprida,899,E2846,PASO DEL CISNERO
1924,O'Higgins,482,Y4616,GUERREROS
1925,Chile,82,T4111,SUELDOS (APEADERO FCGB)
1926,Pueyrredón,302,B7300,BARRIO MARTIN GUEMES
1927,Saavedra,426,E1649,ARROYO CUCHARAS
1928,Urquiza,527,Q8318,EL GAUCHO PAREJO
1929,O'Higgins,48,T4109,INGENIO CONCEPCION
1930,Dorrego,167,B8506,BAHIA SAN BLAS
1931,French,775,D5721,PASO DE LAS TOSCAS
1932,Mitre,716,L6380,LOTE 2 (ESCUELA 185)
1933,Laprida,782,X5870,BARRIO EL PORVENIR
1934,San Martín,26,D5703,SEIS DE SEPTIEMBRE
1935,Urquiza,988,B2705,ROJAS
1936,Rivadavia,461,H3534,LA SOLEDAD
1937,San Martín,652,L8212,TRUBULUCO
1938,Tucumán,600,T4172,LOS GUEMES
1939,Pueyrredón,141,W3433,COLONIA PROGRESO
1940,Mitre,138,R8332,CAMPAMENTO
1941,Alberdi,859,X8522,LA COTITA
1942,Alsina,308,T4135,SANTA MONICA
1943,Tucumán,222,Q8401,LA ARAUCARIA
1944,Rivadavia,692,G4197,SIETE ARBOLES
1945,Moreno,327,K4751,EL CAJON (CORRAL QUEMADO
1946,San Martín,178,T4111,JUAN POSSE
1947,Moreno,233,X5182,LOS COCOS (DPTO.PUNILLA)
1948,Alsina,267,S2156,TENIENTE HIPOLITO BOUCHARD
1949,French,78,E3101,SANATORIO (APEADERO FCGU)
1950,Alberdi,884,G4206,SANTA ROSA (CARDOZOS-DPTO.CAPITAL)
1951,Rivadavia,465,E3158,LA LLAVE
1952,Sarmiento,704,B1847,BARRIO ASUNCION
1953,Belgrano,297,L8201,EL UNO
1954,Lavalle,618,U9039,LA SIBERIA
1955,O'Higgins,632,T4168,POTRERO GRANDE
1956,Moreno,842,T4161,ALONGO
1957,Alsina,704,B7600,BARRIO TIRO FEDERAL (MAR DEL PLATA
1958,Güemes,446,L6305,LOS DOS HERMANOS
1959,Chile,411,X5285,CANTERAS IGUAZU
1960,Lavalle,165,L8204,DOS CHAÑARES
1961,Dorrego,538,B7005,AZUCENA
1962,Sarmiento,565,E3228,KILOMETRO 84 (APEADERO FCGU)
1963,Laprida,410,S2527,MARIA SUSANA
1964,Lavalle,995,L6301,COLONIA ECHETA
1965,Sarmiento,193,X5231,SEBASTIAN ELCANO
1966,Mitre,506,Z9019,EL MOLLE
1967,Saavedra,957,S3567,DESTACAMENTO AERONAUTICO MILITAR RECONQUISTA
1968,Sarmiento,953,N3357,PUERTO RUBEN
1969,Alsina,832,D5715,QUEBRACHOS
1970,Sarmiento,407,D5755,MANANTIAL (SAN MARTIN
1971,Sarmiento,92,B1765,BARRIO EL MANZANAR
1972,Chile,791,E3246,PUEBLO DOMINGUEZ
1973,Tucumán,691,W3432,PROGRESO
1974,Tucumán,456,E3100,PARANA
1975,Chile,742,M5605,EL NIHUIL
1976,Tucumán,143,B1903,ABASTO
1977,Sarmiento,989,R8400,BAHIA LOPEZ
1978,Chile,236,M5517,BAJO LUNLUNTA
1979,Tucumán,646,K5321,JOYANGO
1980,Laprida,938,G4230,LA ESPERANZA (FRIAS-DPTO.CHOYA)
1981,Laprida,614,G3054,LA PANCHITA
1982,Saavedra,851,E3246,SAGASTUME (DPTO. URUGUAY)
1983,O'Higgins,32,R8501,SAN JAVIER
1984,French,111,X5203,LAS JUNTAS
1985,Belgrano,597,B6403,ROOSEVELT (PDO. RIVADAVIA)
1986,French,165,D5715,BALDE DE GARCIA
1987,Saavedra,865,G4203,FAMATINA
1988,Laprida,281,X5101,LA COCHA (MYRIAM STEFFORD-DPTO.SANTA MARIA)
1989,Saavedra,613,H3733,HERMOSO CAMPO
1990,España,624,F5359,POTRERO GRANDE
1991,Lavalle,982,X2423,LUIS A. SAUZE
1992,Urquiza,287,B6472,SANTA CECILIA NORTE
1993,Mitre,962,X5801,LA CUMBRE (LAS TAPIAS-DPTO.RIO CUARTO)
1994,Urquiza,578,B1649,ARROYO SABALOS
1995,Alsina,565,Y4643,PAIRIQUE GRANDE
1996,Belgrano,332,F5301,AGUA BLANCA (DPTO. CASTRO BARROS)
1997,Mitre,831,G4301,SAN GREGORIO (DPTO.JIMENEZ)
1998,Alberdi,774,E2823,PUENTE PARANACITO
1999,Chile,547,L8201,EL NUEVE
2000,Urquiza,805,B6614,FRANKLIN
2001,Belgrano,845,X2525,SAIRA
2002,Tucumán,589,X5145,AUGUSTO VANDERSANDE
2003,Alberdi,291,E2846,FERNANDEZ (EMBARCADERO FCGU)
2004,Belgrano,68,M5637,PAMPA DEL TIGRE (EMBARCADERO FCGSM)
2005,Lavalle,88,N3304,VILLA LONCA
2006,Sarmiento,698,E3212,ARROYO EL MOCHO
2007,Rivadavia,499,Q8315,HACHE-CO
2008,Laprida,750,Q8318,GORRO FRIGIO
2009,Belgrano,197,J5419,CAMPO AFUERA
2010,Alberdi,903,B8000,BARRIO KILOMETRO 5
2011,French,70,Y4655,SAN LEON
2012,Pueyrredón,722,L6331,ZONA RURAL (MIGUEL CANE
2013,San Martín,971,E1647,ARROYO SAGASTUME GRANDE
2014,Lavalle,287,L6300,SANTA ROSA
2015,Güemes,623,A4198,OVEJERIA (HORCONES
2016,España,415,A4535,PUESTO DE LA VIUDA
2017,Rivadavia,165,A4421,ALMONA
2018,Mitre,888,E3241,RINCON DE MOJONES
2019,Güemes,757,Z9051,ESTANCIA CERRO REDONDO
2020,O'Higgins,199,M5521,LOS CORREDORES
2021,Alberdi,803,A4550,EL CUCHILLO
2022,Rivadavia,932,G4230,LA ESQUINA (FRIAS-DPTO.CHOYA)
2023,O'Higgins,744,B1649,ARROYO CIEGUITO
2024,Pueyrredón,149,S2222,DIAZ
2025,Dorrego,581,X5801,VILLA EL CHANCAY
2026,Laprida,916,B1611,BARRIO BAIRES
2027,O'Higgins,176,L8214,COLONIA LA MUTUA
2028,Urquiza,964,D6216,COCHEQUINGAN
2029,Güemes,676,B7500,EL TRIANGULO
2030,Rivadavia,239,Q8353,CAJON DE CURI LEUVU
2031,Tucumán,820,X5284,MANDALA
2032,Alberdi,413,B8115,PUENTE LAS OSCURAS
2033,Saavedra,829,D5871,LAS BARRANCAS (LOS CAJONES - DPTO. JUNIN)
2034,Güemes,468,R8333,SAN ANTONIO DEL CUY
2035,French,561,E3283,COLONIA SAN FRANCISCO
2036,Mitre,835,S2123,COLONIA URQUIZA
2037,Laprida,826,X5801,LA ESQUINA (DPTO.RIO CUARTO)
2038,Sarmiento,503,H3706,NAPENAY
2039,Sarmiento,504,T4124,MANANTIALES
2040,Chile,830,G4189,AGUA AZUL
2041,Moreno,906,R8412,RAYHUAO
2042,Chile,699,S2622,MAGGIOLO
2043,Mitre,787,N3318,COLONIA MARTIRES
2044,Alsina,746,Z9017,PELLEGRINI
2045,Laprida,178,G3749,LOS CARRIZOS
2046,Rivadavia,146,F5385,TAMA
2047,San Martín,585,B1649,ARROYO CIERVO
2048,Mitre,553,X2436,COLONIAS
2049,Urquiza,318,X5149,DIQUE SAN ROQUE (APEADERO FCGB)
2050,Laprida,419,L6309,COLONIA SANTA ANA
2051,Saavedra,340,B8144,MONTE LA PLATA
2052,Alberdi,653,F5471,AGUA BLANCA (TOTORAL
2053,Mitre,130,D5755,PIEDRAS ANCHAS
2054,Laprida,104,Y4600,VILLA ALBERDI
2055,Güemes,158,B7620,LOS CARDOS
2056,Laprida,205,G3765,LA RECONQUISTA
2057,Alsina,718,K5319,LOS PUESTOS (COLPES
2058,Güemes,323,A4425,LAS LECHUZAS
2059,Chile,35,S3589,OBRAJE INDIO MUERTO
2060,Pueyrredón,207,B1612,ADOLFO SOURDEAUX
2061,Moreno,549,T4158,MARAPA
2062,French,395,W3346,SAN GABRIEL (LA CRUZ - DPTO. SAN MARTIN)
2063,O'Higgins,492,N3355,EL PERSIGUERO
2064,Pueyrredón,63,P3611,PIGO
2065,Urquiza,889,B1649,ARROYO GLORIETA
2066,Alberdi,289,X5280,CRUZ DEL EJE
2067,San Martín,640,D5773,DURAZNITO (LA COCHA
2068,Lavalle,995,Y4503,LOTE EL PUESTO
2069,Moreno,212,B7603,LOS PATOS
2070,Lavalle,136,X5295,BUENA VISTA (SALSACATE-DEPTO.POCHO)
2071,Sarmiento,762,B7111,SAN BERNARDO (PARTIDO DE LA COSTA)
2072,Rivadavia,771,U9001,ASTRA
2073,Tucumán,825,T4135,INGENIO SANTA LUCIA
2074,Alberdi,792,N3361,YERBAL VIEJO SECCION 5
2075,Pueyrredón,586,B1649,ARROYO TIBER
2076,Saavedra,494,X5248,AGUA DE ORO (VILLA DE MARIA DEL RIO SECO
2077,Alberdi,906,B1886,RANELAGH ESTAFETA Nº1
2078,Alsina,644,L6333,LA DELICIA
2079,Alsina,762,B8150,CAMPO LA LIMA
2080,Chile,222,L6369,ZONA RURAL (TRENEL
2081,San Martín,961,B1980,BARRIO LAS MANDARINAS
2082,Dorrego,393,B7631,QUEQUEN ESTAFETA Nº5
2083,Alsina,71,U9207,ARROYO GUILLAIA
2084,Laprida,704,U9431,LAGO PUELO
2085,España,688,D6279,LOS CHAÑARES (DIXONVILLE
2086,Chile,136,T4129,QUEBRADA DE LULES
2087,Güemes,404,Y4542,EL TALAR
2088,España,48,L8214,EL PUMA
2089,España,624,K4750,EL MOLINO
2090,Alsina,123,W3463,LOS EUCALIPTOS (SAUCE
2091,Chile,148,N3306,NUEVA VALENCIA
2092,Mitre,244,T4122,CRIOLLAS
2093,Pueyrredón,55,S2449,SAN MARTIN DE LAS ESCOBAS
2094,Lavalle,292,T4115,LAS CELAYAS
2095,Pueyrredón,253,G4201,HOYON
2096,Belgrano,123,B1870,AVELLANEDA
2097,Chile,181,R8505,PRONUNCIAMIENTO
2098,Dorrego,738,D5715,LAS CABRAS
2099,Alberdi,221,G5251,AGUA TURBIA
2100,Lavalle,699,W3418,BERNACHEA
2101,Rivadavia,761,K4707,SANTA ROSA (VALLE VIEJO-DPTO.VALLE VIEJO)
2102,Mitre,418,Q8353,TRILI
2103,Moreno,792,X5117,EL RETIRO
2104,Alberdi,405,A4423,SANTA ROSA (CHICOANA - DPTO. CHICOANA)
2105,Tucumán,109,Y4641,SAN FRANCISCO DE ALFARCITO
2106,Mitre,244,T4132,CARRICHANGO
2107,Moreno,838,W3199,MALVINAS CENTRO
2108,Belgrano,96,D5721,SANTO DOMINGO (VARELA
2109,Pueyrredón,734,H3703,KILOMETRO 884 (EMBARCADERO FCGB)
2110,O'Higgins,84,K4719,EL CIFION
2111,Pueyrredón,993,J5461,BOCA DE LA QUEBRADA
2112,Tucumán,669,T4187,GOBERNADOR PIEDRABUENA
2113,Chile,651,L8201,CHACHARRAMENDI
2114,Rivadavia,300,X5125,LOS VAZQUEZ
2115,Laprida,595,G5255,LA TRAMPA
2116,Sarmiento,852,B1744,MORENO ESTAFETA No.5
2117,Güemes,467,U9225,FRONTERA DE RIO PICO
2118,Dorrego,709,W3423,SAN JUAN (CONCEPCION - DPTO. CONCEPCION)
2119,Mitre,308,K4740,DISTRITO ESPINILLO
2120,French,510,L6303,TA-HUILCO
2121,Alsina,20,X5949,COLONIA LAS PALMERAS
2122,French,805,B6628,LA CARLOTA
2123,San Martín,424,G3749,AGUA BLANCA (SANTA ROSA
2124,Rivadavia,439,B1746,FRANCISCO ALVAREZ ESTAFETA No.4
2125,Belgrano,610,X5943,CAMPO BANDILLO
2126,Güemes,650,M5519,BARRIO PEDRO MOLINA
2127,Saavedra,484,X2671,VIAMONTE
2128,Rivadavia,72,X5152,VILLA CARLOS PAZ
2129,Dorrego,257,D5730,LA ELVIRA (TILISARAO - DPTO. CHACABUCO)
2130,Pueyrredón,239,Q8353,CHACAY-CO
2131,Sarmiento,347,X5156,VILLA SUIZO ARGENTINA
2132,San Martín,577,B1649,ARROYO TORO
2133,Alberdi,361,L8138,LA TOSCA
2134,Alsina,256,S3001,SALADERO M. CABAL
2135,Chile,961,M5545,SAN ALBERTO
2136,Mitre,695,K5331,SALADO
2137,French,309,A4530,MINAS Y.P.F.
2138,Alberdi,393,S3021,SAN PEDRO
2139,Tucumán,240,W3481,VALENCIA
2140,Saavedra,894,B1931,PIRIA
2141,Laprida,529,A4552,ANTONIO QUIJARRO (APEADERO FCGB)
2142,Güemes,449,G4233,CANARIO
2143,Pueyrredón,840,A4401,VELARDES
2144,Urquiza,629,G5251,SANTA ANA (DPTO. QUEBRACHOS)
2145,Moreno,763,X5875,LA TRAVESIA
2146,San Martín,67,X5870,BARRIO EL PORVENIR
2147,Laprida,359,D6216,LA TIGRA
2148,Saavedra,929,W3220,CHACRAS 4ª SECCION
2149,Alberdi,810,A4421,SUMALAO
2150,Alberdi,655,G3749,LAS AGUILAS (EL SIMBOL
2151,Tucumán,981,R8505,PRONUNCIAMIENTO
2152,Chile,212,G2354,LA BLANCA (ARGENTINA
2153,Belgrano,301,X2594,LA REDUCCION (LEONES-DPTO.MARCOS JUAREZ)
2154,Lavalle,234,T4109,LOS VALLISTOS
2155,Pueyrredón,953,X6128,SALAS
2156,Mitre,100,D6279,ESTANCIA DON ARTURO
2157,French,106,X5848,SAN BERNARDO (SAN AMBROSIO-DPTO.RIO CUARTO)
2158,Tucumán,953,A4434,EL NARANJO (PASO DE LA CRUZ
2159,Rivadavia,715,V9411,BASE DE EJERCITO BELGRANO 3
2160,Chile,840,R8301,AGUADA DE LOS PAJARITOS
2161,Moreno,83,G5250,EL JUME
2162,Alsina,471,R8417,SANTA ELENA
2163,Chile,617,A4533,ANGEL PEREDO
2164,Alberdi,900,W3403,SANTOS LUGARES
2165,Moreno,411,B2703,ORTIZ BASUALDO
2166,Chile,198,G4301,SANTA RITA (TABLADA DEL BOQUERON-DPTO.FOGUEROA)
2167,Saavedra,412,B1649,ARROYO CRUZ COLORADA
2168,Alsina,861,M5579,MUNDO NUEVO
2169,Mitre,693,X5859,LA CRUZ (DPTO.CALAMUCHITA)
2170,Pueyrredón,318,D5719,LA MERCED
2171,French,882,X5900,VILLA EMILIA
2172,Belgrano,633,G4301,POZO GRANDE (VILLA PALMAR
2173,San Martín,175,B1755,RAFAEL CASTILLO ESTAFETA Nº2
2174,Saavedra,740,X5125,PIQUILLIN
2175,Laprida,549,Y4655,ORATORIO
2176,Alsina,727,B8000,BARRIO MALDONADO
2177,San Martín,939,G4332,RUBIA PASO
2178,O'Higgins,22,G4317,PUNTA POZO (VILLA ATAMISQUI
2179,O'Higgins,680,X5221,QUISCASACATE
2180,Alsina,558,D5753,MANANTIAL LINDO
2181,French,236,B1649,ARROYO CRUZ COLORADA
2182,Sarmiento,593,B1636,BARTOLOME MITRE (ESTACION FCGM)
2183,Chile,974,K4751,LOS NACIMIENTOS
2184,Saavedra,698,L6331,RUCAHUE
2185,Rivadavia,558,M5535,EL ROSARIO
2186,Laprida,586,X5827,LAS VERTIENTES
2187,Pueyrredón,325,W3440,CRUCECITAS (SANTA LUCIA
2188,Alsina,338,Z9400,LA CORRENTINA
2189,O'Higgins,329,N3315,MECKING
2190,Alsina,429,W3453,ÑAEMBE
2191,Moreno,512,X5131,ESPINILLO (NUÑEZ DEL PRADO
2192,Chile,817,X5272,EL CHACHO
2193,Güemes,645,J5419,LAS LOMITAS
2194,Laprida,998,B6459,COLONIA SERE
2195,Rivadavia,90,K4701,EL ARBOLITO (TACO
2196,Mitre,477,T4000,MERCADO NORTE (APEADERO FCGB)
2197,O'Higgins,588,B1889,BARRIO RICARDO ROJAS (EL ROCIO
2198,Moreno,231,G4301,VILLA PALMAR
2199,Moreno,39,G4220,ESTANCIA VIEJA
2200,Belgrano,754,U9121,SACANANA
2201,Laprida,871,L6385,PICHI-HUINCA
2202,Dorrego,310,S2000,BARRIO ACINDAR
2203,Urquiza,550,J5449,LOMA NEGRA
2204,España,516,K4723,LOS BASTIDORES
2205,Güemes,807,G4208,CAÑADA RICA
2206,España,801,B1611,DON TORCUATO ESTAFETA No.1
2207,Sarmiento,508,L6301,LA PRIMAVERA (MIGUEL RIGLOS
2208,Sarmiento,81,X5889,ARROYO LA HIGUERA
2209,O'Higgins,541,T4122,LAS CRIOLLAS
2210,Laprida,642,K4707,TRES PUENTES
2211,Alberdi,183,B7245,LA REFORMA (PDO.ROQUE PEREZ)
2212,Tucumán,678,D5753,PIEDRA SOLA
2213,Tucumán,590,T4142,EL PUESTITO (TACO RALO
2214,San Martín,804,M5505,LA PUNTILLA
2215,Alberdi,510,U9201,COSTA DEL LEPA
2216,San Martín,650,B1615,KILOMETRO 36 (GRAND BOURG
2217,Rivadavia,448,A4432,KILOMETRO 1102 (APEADERO FCGB)
2218,San Martín,118,A4434,LAS FLACAS
2219,Mitre,509,Y4503,LOTE LA CIENAGA
2220,Moreno,699,B1649,ARROYO MORANCITO
2221,Saavedra,408,X5216,KILOMETRO 907
2222,Tucumán,451,X5133,LA CIENAGA
2223,O'Higgins,306,X5172,LA FALDA (DPTO.PUNILLA)
2224,Chile,683,X5963,MONTE REDONDO (VILLA DEL ROSARIO-DPTO.RIO SEGUNDO)
2225,Pueyrredón,759,J5435,LAGUNAS
2226,Belgrano,865,B1723,AGUSTIN FERRARI
2227,Urquiza,129,B1649,ARROYO BOCA FALSA
2228,Mitre,853,X2436,COLONIA CORTADERA
2229,O'Higgins,482,K4701,CORRAL DE PIEDRA (IPIZCA
2230,Saavedra,249,T4176,TALA CAIDA
2231,Laprida,262,G4205,LA MELADA (LAPRIDA
2232,Urquiza,902,B1744,MORENO ESTAFETA No.8
2233,Tucumán,527,G4201,CAÑADA DEL MEDIO
2234,San Martín,639,B6601,ALTAMIRA
2235,Sarmiento,560,H3700,COLONIA BAJO HONDO
2236,Alsina,113,G4238,LOS COBRES
2237,Lavalle,926,B7116,LA LARGA NUEVA
2238,Belgrano,148,X5212,LAS MANZANAS (VILLA GUTIERRZ-DPTO.ISCHILLIN)
2239,Pueyrredón,478,B7005,BARKER
2240,San Martín,94,G2356,LOS MILAGROS (PINTO
2241,Alsina,870,B7205,ROSAS
2242,Dorrego,722,G4206,EL MOJON (ING. EZCURRA
2243,O'Higgins,116,G2356,DOÑA LORENZA
2244,España,714,W3403,BARGONE
2245,Chile,51,L6303,TA-HUILCO
2246,Rivadavia,603,U9200,LA CANCHA (EMBARCADERO FCGR)
2247,Moreno,800,X5203,BELLA VISTA (TULUMBA-DEPTO.TULUMBA)
2248,Saavedra,493,W3463,LA PORTEÑA
2249,Güemes,574,H3514,KILOMETRO 38 (EMBARCADERO FCGB)
2250,Tucumán,885,X5199,VILLA SAN JAVIER
2251,Güemes,279,J5419,LAS LAJAS
2252,Alberdi,66,G5255,LA CHILCA (BAEZ-DPTO.OJO DE AGUA)
2253,Rivadavia,790,E3281,YATAY
2254,Pueyrredón,139,B1852,BURZACO ESTAFETA No.2
2255,Alberdi,247,L6352,EL RUBI
2256,Güemes,125,B1923,BERISSO
2257,Sarmiento,365,B1802,BALNEARIO POPULAR
2258,Dorrego,310,W3454,LA CRUZ (BUENA VISTA
2259,Güemes,885,Q8322,BARRIO PELIGROSO
2260,Chile,599,E3144,ARROYO DEL MEDIO
2261,San Martín,691,F5350,VILLA UNION
2262,O'Higgins,994,B1917,MONTE VELOZ
2263,Lavalle,813,L8200,LOTE 12 (GRAL. ACHA
2264,Tucumán,423,D5703,LA DUDA
2265,Rivadavia,664,B1704,RAMOS MEJIA ESTAFETA Nº1
2266,Moreno,991,K4705,HUAYCAMA (DPTO. VALLE VIEJO)
2267,Belgrano,647,X5284,KILOMETRO 541 (APEADERO FCGB)
2268,España,766,G4353,JUMIAL GRANDE
2269,Mitre,348,X2625,DESVIO KILOMETRO 57
2270,Moreno,550,S2407,KILOMETRO 113 (FCGB)
2271,Lavalle,20,G4231,25 DE MAYO (POZANCONES
2272,O'Higgins,155,B1824,GERLI (PDO. LANUS)
2273,Laprida,974,S3569,BERNA
2274,Sarmiento,386,W3194,ARROYO SORO
2275,Sarmiento,139,P3604,SAN HILARIO
2276,Saavedra,504,M5620,KILOMETRO 56
2277,O'Higgins,894,T4103,VILLA MITRE
2278,San Martín,671,J5446,SAN CARLOS (MARAYES
2279,Saavedra,91,W3405,LA FLECHA (EMBARCADERO FCGU)
2280,Alberdi,304,N3300,ARROYO ZAIMAN
2281,Alsina,860,K5261,MARIA ELENA
2282,Mitre,369,X5012,BARRIO PUEYRREDON ANEXO
2283,Alsina,816,Q8375,CERRO GATO
2284,Güemes,457,Z9311,TUCU TUCU
2285,San Martín,136,X5172,CUEVA DE LOS INDIOS
2286,Belgrano,784,U9031,LOS TAMARISCOS
2287,Saavedra,984,U8430,RIO PUELO
2288,Güemes,202,Q8353,MINA CARRASCOSA
2289,Mitre,62,G5253,LAS TALAS
2290,Alsina,446,G5255,SAN RAMON (CNEL.FERNANDEZ
2291,Sarmiento,537,X5194,PUESTO DEL ROSARIO (VILLA GRAL.BELGRANO-DPTO.CALAMUCHITA)
2292,Dorrego,210,K4740,MALLI 1º
2293,French,607,G5251,POZO GRANDE (STO.DOMINGO
2294,Güemes,854,U9007,RIO CHICO
2295,Belgrano,642,U9009,LA FLORIDA
2296,Güemes,690,G5255,LA TRAMPA
2297,San Martín,117,L6319,GUADALOZA
2298,Lavalle,868,G4306,CASILLA DEL MEDIO
2299,Alberdi,586,D5721,CERRILLO
2300,Urquiza,334,J5409,SANTA BARBARA
2301,Tucumán,510,A4417,RIO BLANCO
2302,Mitre,918,Y4641,TUSAQUILLAS
2303,Urquiza,650,Q8353,BATRE LAUQUEN
2304,Dorrego,862,G5258,NEGRA MUERTA (DPTO. OJO DE AGUA)
2305,Güemes,596,W3485,YATAITI SATA
2306,Tucumán,706,X2436,COLONIA CORTADERA
2307,Pueyrredón,605,S2313,SEIS CASAS
2308,O'Higgins,700,D5831,9 DE JULIO (SAN NICOLAS PUNILLA
2309,Pueyrredón,768,L6203,EL OLIVO
2310,Sarmiento,60,L6221,LA PAULINA
2311,Lavalle,683,M5537,LOS RALOS
2312,Pueyrredón,281,K5341,RIO GRANDE
2313,Moreno,789,X5111,ÑU PORA
2314,Güemes,79,A4651,BARITU
2315,Laprida,787,K4231,LAS PALMITAS
2316,Dorrego,704,Z9400,PABLO LEZNER
2317,Chile,155,W3414,SAN SALVADOR (ITATI - DPTO. ITATI)
2318,Laprida,441,B7114,LA COSTA (CASTELLI
2319,Laprida,116,B7109,MAR DE AJO ESTAFETA No.1
2320,Laprida,332,B1901,GOBERNADOR EDUARDO ARANA (APEADERO FCGB)
2321,Moreno,345,K4235,LOS ALAMOS
2322,Laprida,744,X5885,ALGARROBAL
2323,Chile,762,X5299,PASO LAS FLORES
2324,Tucumán,645,B6062,LOS CALLEJONES (ESTACION FCGM.)
2325,Alberdi,620,W3420,SOLEDAD (SALADAS - DPTO. SALADAS)
2326,Urquiza,88,S3080,RINCON DEL PINTADO
2327,San Martín,478,E3185,GARAT
2328,Moreno,333,W3196,INGA
2329,Tucumán,775,T4159,LOS DIEZ
2330,Moreno,228,Y4618,MINAS DE BORATO
2331,Chile,813,W3474,CHAVARRIA
2332,Chile,642,M5621,AGUA DEL TORO
2333,Mitre,530,W3471,COLONIA CARLOS PELLEGRINI
2334,Dorrego,947,Y4504,CHALICAN
2335,Saavedra,715,D5753,AGUA LINDA
2336,Pueyrredón,673,K4700,LAZARETO
2337,Moreno,293,K5340,LOS ROBLEDOS
2338,Laprida,306,W3448,CAAYOBAY
2339,Laprida,873,X5291,LOS BARRIALES
2340,Güemes,308,J5405,PEÑASQUITO
2341,Sarmiento,904,T4149,VALENZUELA
2342,French,297,D5741,ALTO VERDE
2343,España,249,G4334,TIESTITUYOS
2344,San Martín,736,B7020,HARAS EL CISNE
2345,Pueyrredón,639,P3626,LOS INMIGRANTES
2346,Alsina,311,G5255,PIEDRA BLANCA
2347,Tucumán,394,S2142,VICENTE A. ECHEVARRIA
2348,Rivadavia,197,B2700,PERGAMINO
2349,Laprida,783,B1744,MORENO ESTAFETA No.1
2350,Rivadavia,618,W3416,PEHUAHO
2351,España,653,N3355,EL TIGRE
2352,Lavalle,582,U9223,ALTO RIO PICO
2353,Lavalle,217,J5403,MINA SAN JORGE
2354,Alsina,92,G4203,GUARDIA DEL NORTE
2355,French,785,M5590,EL CONSUELO
2356,Alberdi,280,X5199,AMBOY
2357,Urquiza,866,G2354,KILOMETRO 735 (FCGM)
2358,San Martín,706,A4563,CAMPAMENTO SAN PEDRITO
2359,Alsina,514,B1649,ARROYO VEINTICINCO DE NOVIEMBRE
2360,Saavedra,998,X5801,LAS GUINDAS
2361,Moreno,704,W3344,CUAY GRANDE
2362,Güemes,282,S2142,KILOMETRO 323
2363,Chile,523,A4651,BARITU
2364,Mitre,986,Y4624,HUCHAIRA
2365,Dorrego,239,S2134,ROLDAN
2366,Chile,230,E2845,GOBERNADOR MANSILLA
2367,Pueyrredón,886,S3013,MATILDE
2368,Urquiza,166,G2356,LOS MILAGROS (PINTO
2369,Laprida,445,D5713,PATIO LIMPIO
2370,Dorrego,111,E3107,SAUCE PINTO
2371,Alsina,982,D5753,LOS HINOJOS
2372,French,193,Q8315,PIEDRA PINTADA
2373,French,733,B8174,LA SAUDADE
2374,Güemes,876,Y4606,PAMPA BLANCA
2375,Dorrego,172,H3503,BARRANQUERAS
2376,Mitre,323,B1742,BARRIO LA RECONQUISTA
2377,Alsina,609,T4113,LOS HERRERAS
2378,Urquiza,209,X5151,CALERA CENTRAL
2379,Mitre,352,X5244,LOMA DE PIEDRA
2380,Chile,124,H3534,LA SOLEDAD
2381,Tucumán,556,S3569,DOCTOR BARROS PAZOS
2382,Moreno,247,G2356,CAPILLA
2383,San Martín,295,R8418,EL MOLIGUE
2384,San Martín,777,D6279,LAURA ELISA
2385,O'Higgins,584,G3741,SAN ALBERTO
2386,España,542,S3074,NUEVA ITALIA
2387,Güemes,109,B7001,LA PASTORA (PDO. TANDIL)
2388,Dorrego,118,N3362,CAMPO VIERA
2389,Urquiza,418,Q8353,EL ALAMITO
2390,Alsina,377,A4651,MACOYITA
2391,Pueyrredón,587,D6216,LA RESERVA (UNION - DPTO. GOBERNADOR V. DUPUY)
2392,Sarmiento,737,N3306,SIERRAS SAN JUAN
2393,España,319,K4751,EL CAJON (CORRAL QUEMADO
2394,Rivadavia,673,G5251,EL NARANJO
2395,Belgrano,466,G3714,COLOMBIA
2396,French,528,Q8318,EL GUADAL
2397,Saavedra,55,B7600,BARRIO PARQUE LA FLORIDA
2398,Dorrego,442,L6360,SAN IGNACIO
2399,O'Higgins,447,B1617,GENERAL PACHECO ESTAFETA No.2
2400,Mitre,696,D5835,DOMINGUEZ
2401,Pueyrredón,609,E3269,COLONIA EMILIO GOUCHON
2402,Güemes,643,G5251,SANTA ANA (DPTO. QUEBRACHOS)
2403,Lavalle,508,X2650,CANALS
2404,Chile,291,R8412,PICHI LEUFU ARRIBA
2405,Mitre,647,E3240,KILOMETRO 285 (APEADERO FCGU)
2406,Sarmiento,169,A4400,SALTA
2407,Pueyrredón,748,G4334,LA COSTA
2408,Rivadavia,246,B7621,RAMOS OTERO
2409,O'Higgins,451,B7623,SAN AGUSTIN
2410,San Martín,825,W3460,VACA CUA
2411,Alberdi,439,B6000,JUNIN ESTAFETA No.3
2412,Saavedra,939,E3118,DISTRITO TALA
2413,Laprida,316,E3177,ESTABLECIMIENTO SAN EUSEBIO
2414,French,787,W3230,MIRADOR
2415,Pueyrredón,74,Q8349,COLIPILI
2416,Belgrano,836,B7109,MAR DE AJO ESTAFETA No.2
2417,Güemes,63,A4651,RODEO PAMPA
2418,Laprida,440,B6643,SAN JOSE (BAUDRIX
2419,Belgrano,453,T4149,EL PUESTO (BELICHE HUAICO
2420,Alberdi,77,E3116,KILOMETRO 45 (APEADERO FCGU
2421,Moreno,584,B1642,SAN ISIDRO ESTAFETA Nº5
2422,Sarmiento,395,X5287,CHARACATO
2423,España,188,T4158,INGENIO MARAPA
2424,Güemes,625,G4452,MISTOLITO
2425,Chile,181,A4554,HICKMANN
2426,Chile,500,T4174,MARIA LUISA
2427,Chile,764,F5361,EL POTRERILLO (EL CHOCOY
2428,Dorrego,97,D5721,LOS BOLLEROS
2429,Saavedra,820,H3541,EL ÑANDUBAY
2430,Sarmiento,845,K5341,LA CIENAGA DE LOS ZONDONES
2431,Güemes,23,L6354,SAN JUAN (URIBURU
2432,Pueyrredón,500,U8431,EL HOYO
2433,San Martín,472,S2156,VILLA MARGARITA
2434,Moreno,335,X5212,KILOMETRO 807 (EMBARCADERO FCGB)
2435,Rivadavia,701,B1649,GUAZU Y MANZANO
2436,O'Higgins,922,N3315,PICADA BONPLAND
2437,Sarmiento,256,X5101,RUTA 111 KILOMETRO 14
2438,Lavalle,259,X5825,HOLMBERG
2439,Pueyrredón,218,B6400,LAS GUASQUITAS
2440,Pueyrredón,800,B1663,LOMAS DE MARILO
2441,Sarmiento,927,G4201,SAN ANTONIO (CAÑADA DEL MEDIO
2442,Sarmiento,517,Y4626,UQUIA
2443,España,326,V9421,FRIGORIFICO CAP RIO GRANDE
2444,Tucumán,944,D5705,TINTINACO
2445,Moreno,619,L6333,LA ENRIQUETA
2446,Mitre,288,M5622,LA GUEVARINA
2447,Urquiza,849,T4166,KILOMETRO 5 (APEADERO FCGB)
2448,San Martín,479,B7600,BARRIO SAN CAYETANO (MAR DEL PLATA
2449,Belgrano,195,B7600,MAR DEL PLATA ESTAFETA No.6
2450,Alberdi,824,K4740,HUASCHASCHI
2451,Alberdi,936,B7243,ANTONIO CARBONI
2452,Chile,368,G5251,CORRALITO
2453,España,434,B1667,KILOMETRO 40 (TORTUGUITAS
2454,Laprida,400,M5620,KILOMETRO 882 (APEADERO FCDFS)
2455,Mitre,705,B6469,ASTURIAS
2456,Alsina,936,B1802,BARRIO ESTEBAN ECHEVERRIA
2457,Alsina,33,X5218,LA CALERA (JAIME PETER- DPTO.ISCHILLIN)
2458,Güemes,809,T4147,COLONIA JUAN JOSE IRAMAIN
2459,French,840,Y4600,LOS BLANCOS
2460,Belgrano,529,M5637,PAMPA DEL TIGRE (EMBARCADERO FCGSM)
2461,O'Higgins,414,A4427,SAN ANTONIO (ANIMANA
2462,Güemes,823,G4203,GUARDIA DEL NORTE
2463,Alberdi,163,F5381,ILIAR
2464,Tucumán,546,W3344,ALTAMIRA
2465,Tucumán,947,A4417,RIO TORO
2466,Rivadavia,98,U9123,PUERTO LOBOS
2467,Saavedra,111,D5775,EL PORVENIR (RENCA
2468,España,697,S2918,EMPALME VILLA CONSTITUCION
2469,Pueyrredón,415,B7400,BARRIO LA LUISA
2470,Lavalle,51,D5709,CEBOLLAR
2471,Alberdi,551,A4425,SANTA BARBARA
2472,Belgrano,764,K4751,CARRIZAL DE LA COSTA
2473,Sarmiento,717,G4326,GUIÑAO
2474,Alberdi,798,J5449,MAJADITA
2475,Laprida,341,X5182,DOLORES (SAN ESTEBAN
2476,Lavalle,479,X5907,COLONIA SILVIO PELLICO
2477,Mitre,543,B6075,KILOMETRO 352 (APEADERO FCDFS.)
2478,Sarmiento,810,B2707,LAS SALADAS
2479,French,924,G4225,ALPA PUCA (BARRILITO
2480,Pueyrredón,599,E3287,KILOMETRO 45 (APEADERO FCGU
2481,Sarmiento,621,N3327,MANIS
2482,Belgrano,208,X5101,EL QUEBRACHAL
2483,Tucumán,995,E3246,COLONIA PERLIZA
2484,Chile,428,W3340,NUEVO PARAISO
2485,Dorrego,957,W3423,CAIMAN
2486,Laprida,58,S3565,KILOMETRO 30 (FCGB)
2487,Lavalle,719,D5775,BAJO GRANDE
2488,San Martín,186,B7116,SAN DANIEL
2489,Saavedra,527,S2144,TOTORAS
2490,Lavalle,279,M5525,COLONIA SEGOVIA
2491,Lavalle,399,S2103,JUAN B. MOLINA
2492,Lavalle,273,P3622,BRUCHARD
2493,Lavalle,927,S3555,ROMANG
2494,Güemes,193,F5329,LOS ROBLES
2495,Mitre,680,X5101,CAMINO A ALTA GRACIA KILOMETRO 15
2496,Laprida,59,G5251,SANTO DOMINGO-OJO DE AGUA
2497,Pueyrredón,981,Y4643,TIO MAYO
2498,España,964,G4189,VILLA MERCEDES
2499,Belgrano,548,W3407,PASO GALLEGO
2500,Sarmiento,893,X5000,ALTO DE LOS VIDELA
2501,Alsina,245,Y4643,LOMA BLANCA
2502,Urquiza,918,B6508,EMILIO LAMARCA
2503,Güemes,697,K5265,CHACRITAS
2504,Urquiza,117,Y4653,PASAJES
2505,Lavalle,919,J5417,TIERRA ADENTRO (9 DE JULIO
2506,French,968,L6311,COLONIA LA ESPERANZA
2507,Lavalle,930,B6013,MORSE
2508,Alberdi,60,G4304,LAS TIGRESAS
2509,Pueyrredón,385,D5773,LAS RAICES
2510,French,458,A4552,SENDA HACHADA (ESTACION FCGB)
2511,San Martín,220,X2561,CHILIBROSTE
2512,O'Higgins,135,S2732,CUATRO DE FEBRERO
2513,Moreno,129,R8418,CARRILAUQUEN
2514,Laprida,178,E3118,ESTABLECIMIENTO EL TALA
2515,Pueyrredón,319,T4142,MONTEROS
2516,Pueyrredón,59,P3600,LOTE 4
2517,Alberdi,480,W3446,KILOMETRO 387 (APEADERO FCGU)
2518,Laprida,375,Q8318,EL PELIGROSO
2519,Chile,644,M5563,AGUA AMARGA
2520,Alsina,814,W3485,COLONIA MADARIAGA
2521,Pueyrredón,885,S2405,SANTA CLARA DE SAGUIER
2522,Saavedra,295,X5284,LAS CAÑADAS (VILLA DE SOTO
2523,Urquiza,956,G4206,SAN PASTOR
2524,Chile,687,X5178,LA VUELTA DEL OMBU
2525,Sarmiento,793,W3222,MOTA
2526,Alberdi,606,L6385,COLONIA EL TIGRE
2527,Chile,546,B6703,ETCHEGOYEN
2528,San Martín,920,M5590,MAQUINISTA LEVET
2529,Güemes,557,Y4653,CERRILLOS
2530,O'Higgins,834,H3514,VILLA SARMIENTO
2531,Moreno,767,N3315,EL CHATON
2532,Lavalle,332,D5789,LOS MOLLECITOS
2533,Güemes,129,W3302,RINCON DEL ROSARIO
2534,Alsina,635,B1825,A. A. FERNANDEZ
2535,Tucumán,381,B8180,COLONIA DOCTOR GOBERNADOR UDAONDO
2536,O'Higgins,282,F5301,POZO DE LA YEGUA
2537,Urquiza,578,U9121,PUNTA NORTE
2538,French,986,S2639,COLONIA LA PALENCIA
2539,Alsina,357,Y4503,LA ESPERANZA
2540,Güemes,569,L6360,BARRIO EL MOLINO
2541,French,136,U9200,BARRIO BELLA VISTA
2542,Tucumán,375,S2521,LA BLANQUEADA
2543,O'Higgins,724,B2801,ESCALADA
2544,San Martín,627,X2428,EL FUERTECITO
2545,Chile,546,G4353,25 DE NAYO (ARMONIA
2546,Tucumán,194,G4212,MONTE REDONDO (SAN VICENTE
2547,Mitre,340,N3353,MACHADIÑO
2548,San Martín,754,L6330,LA PUNA
2549,Lavalle,70,T4159,ESCOBAS
2550,Mitre,455,W3302,SANTO DOMINGO (ITUZAINGO-DPTO.ITUZAINGO)
2551,Mitre,311,W3465,MINUANES (EMBARCADERO FCGU)
2552,Dorrego,507,Q8340,TAQUI MILEU
2553,Chile,698,X5205,SAN PEDRO NORTE
2554,Lavalle,294,G4452,ROMA
2555,Chile,329,M5509,CERRILLOS AL NORTE
2556,Alberdi,433,L6387,CARAMAN
2557,Alsina,24,Y4653,PASTO PAMPA
2558,San Martín,447,X5961,RINCON (DPTO.RIO SEGUNDO)
2559,Güemes,674,E3280,PUNTAS DEL PALMAR
2560,Chile,597,N3366,BERNARDO DE IRIGOYEN
2561,Mitre,480,G4189,LAS LAJAS
2562,Alberdi,727,D5721,ALTO PELADO
2563,Alberdi,611,M5517,VILLA SECA (DPTO. MAIPU)
2564,Moreno,348,E1647,ARROYO MALAMBO
2565,Sarmiento,100,W3446,KILOMETRO 387 (APEADERO FCGU)
2566,Chile,195,M5596,SANTA ROSA
2567,Güemes,641,D6279,LA ESPERANZA (BATAVIA - DPTO. GOBERNADOR V. DUPUY)
2568,San Martín,745,G4300,LA ISLA (LA BANDA
2569,Saavedra,36,Y4600,LA ALMONA
2570,Güemes,691,K4235,OYOLA
2571,Saavedra,938,E3224,LA BLANQUEADA
2572,España,357,U9207,EL CANQUEL
2573,Alberdi,802,G2357,VILLA UNION (UNION
2574,Sarmiento,877,S3020,REYNALDO CULLEN
2575,Lavalle,231,B6507,LAS NEGRAS
2576,French,725,P3610,RIACHO NEGRO
2577,Alsina,990,U9207,KAUKEL
2578,O'Higgins,439,B7400,OLAVARRIA ESTAFETA Nº3
2579,Güemes,524,B1754,SAN JUSTO
2580,O'Higgins,124,B2700,PERGAMINO
2581,O'Higgins,931,T4124,EL QUEBRACHAL
2582,Alberdi,911,A4434,EL NARANJO (PASO DE LA CRUZ
2583,Alsina,571,N3355,ARRECHEA
2584,San Martín,301,D5719,GUALTARAN
2585,Alberdi,96,B1765,BARRIO SAN JOSE (ISIDRO CASANOVA
2586,Güemes,573,N3358,CHEROGUITA
2587,Saavedra,307,G3712,PUNTA RIELES
2588,Sarmiento,43,U9105,BETESTA
2589,Mitre,472,B6075,ESTANCIA SAN ANTONIO
2590,Lavalle,585,L6301,LA DOLORES
2591,Alsina,978,A4190,COSME
2592,Güemes,573,Q8351,PAMPA DEL SALADO
2593,Sarmiento,659,B6561,LA PROTEGIDA (ESPIGAS
2594,San Martín,995,M5561,LA ARBOLEDA
2595,Alsina,883,D5707,LINDO
2596,Pueyrredón,769,T4000,BAJO DE LA POLVORA
2597,Moreno,285,M5501,BARRIO TRAPICHE
2598,Laprida,981,B7163,SALADA CHICA
2599,Rivadavia,394,G5251,GRAMILLAL
2600,O'Higgins,659,B6453,LA PRADERA
2601,Güemes,489,B7201,MARTIN COLMAN
2602,O'Higgins,126,S3057,ESTANCIA LAS GAMAS
2603,Tucumán,905,T4119,SINQUEAL
2604,Pueyrredón,100,R8336,GENERAL ENRIQUE GODOY
2605,Mitre,182,Y4513,SANTA BARBARA
2606,Alsina,682,P3636,CARLOS PELLEGRINI
2607,Alberdi,673,E3246,COLONIA SONENFELD
2608,Saavedra,305,G4332,PUENTE NEGRO
2609,Rivadavia,683,X5200,DEAN FUNES
2610,French,602,D5713,CANDELARIA
2611,Saavedra,207,B1741,LAS HERAS
2612,España,618,Q8305,SAN PATRICIO DEL CHAÑAR
2613,España,695,B1649,ARROYO HERMANA GRANDE
2614,España,559,X5101,LA CESIRA
2615,Moreno,836,H3513,LOTE 15 (LA SABANA
2616,Urquiza,878,T4176,LOS PARAISOS
2617,Laprida,875,G4313,COLONIA PINTO
2618,Belgrano,344,A4193,CONDOR (LAS SALADAS
2619,Sarmiento,650,G4205,SAN RAMON (LAPRIDA-DPTO.CHOYA)
2620,Saavedra,733,B2720,HARAS EL PELADO
2621,San Martín,656,X5200,INGENIERO BERTINI
2622,Lavalle,723,B1605,MUNRO ESTAFETA No.2
2623,Urquiza,220,B6708,DOCTOR DOMINGO CABRED
2624,Tucumán,708,M5584,CHIMBA
2625,Chile,141,W3342,VUELTA DEL OMBU
2626,Urquiza,601,G4201,EL CARMEN (SUMAMAO
2627,French,273,T4105,SAN FELIPE (ESTACION FCGB) (SANTA BARBARA
2628,Sarmiento,624,W3423,MONTEVIDEO
2629,España,347,K4723,LA AGUADA (ALIJILAN-DPTO.SANTA ROSA)
2630,Moreno,517,G3736,EL URUNDAY
2631,O'Higgins,510,F5363,ANGUINAN
2632,O'Higgins,229,B1872,SARANDI
2633,Chile,349,P3620,SALADILLO
2634,Alberdi,483,D5871,LA ALEGRIA
2635,Moreno,914,Q8353,BUTA MALLIN
2636,Lavalle,211,E2846,PUERTO PERAZZO
2637,San Martín,859,E3181,ARROYO MOREIRA
2638,O'Higgins,657,A4198,BAJADA GRANDE
2639,Güemes,643,N3322,INVERNADA SAN IGNACIO
2640,Urquiza,963,A4535,LA UNION (DPTO. RIVADAVIA)
2641,French,439,X5231,LAS MASITAS
2642,Moreno,906,B6439,LURO
2643,Güemes,176,S3007,EMPALME SAN CARLOS
2644,Mitre,84,X5168,PIEDRA GRANDE
2645,San Martín,178,W3220,PUERTO CEIBO
2646,Urquiza,843,G4301,SAN JOSE (BANDERA BAJADA
2647,Chile,280,S3575,ARROYO CEIBAL
2648,Moreno,175,Z9015,ALMA GRANDE
2649,Alsina,616,T4137,LOS CUARTOS
2650,Alberdi,869,K4711,LOS NAVARROS
2651,Rivadavia,998,P3636,CARLOS PELLEGRINI
2652,Alsina,629,B1886,RANELAGH ESTAFETA Nº1
2653,Pueyrredón,863,D5703,ALTO TAVIRA
2654,French,162,X5229,LOS MISTOLES (DPTO.TOTORAL)
2655,Sarmiento,626,G4220,ISLA DE LOS CASTILLOS
2656,Pueyrredón,68,E2826,ALDEA SAN ANTONIO
2657,España,588,W3427,SANTA TERESA (MBURUCUYA - DPTO. MBURUCUYA)
2658,Belgrano,392,T4149,EL MOLINO (DPTO. CHICLIGASTA)
2659,Saavedra,800,W3440,BARRIO VILLA CORDOBA
2660,Laprida,149,G4237,FLORIDA (LAS PEÑAS
2661,España,622,Q8349,RANQUILCO
2662,Urquiza,144,D5751,SALADILLO
2663,Tucumán,922,K4235,SURUIPIANA
2664,French,101,T4124,EL BOYERO
2665,Moreno,422,B7003,ACEILAN
2666,Belgrano,725,Y4608,SAN VICENTE
2667,Alberdi,743,P3600,MOJON DE FIERRO
2668,Laprida,444,X5244,LA PLAZA
2669,Alberdi,617,T4137,LARA
2670,Lavalle,226,Q8347,MALLIN CHILENO
2671,Alsina,674,B2900,SAN NICOLAS ESTAFETA Nº1
2672,Alsina,645,R8409,OJOS DE AGUA (LLAO LLAO
2673,Saavedra,477,A4554,TRES POZOS (CAPITAN JUAN PAGE - DPTO. RIVADAVIA)
2674,Alsina,583,X5131,ESTANCIA EL CARMEN
2675,Dorrego,593,B1649,ARROYO SANTA ROSA
2676,Mitre,350,X5925,MARIA
2677,Rivadavia,780,K4701,EL TOTORAL (ANQUINCILA-DPTO.ANCASTI)
2678,San Martín,89,J5443,PUNTILLA
2679,Mitre,152,B6000,JUNIN ESTAFETA No.6
2680,Dorrego,925,N3350,COLONIA APOSTOLES
2681,Urquiza,952,B1649,CANAL No.1
2682,Belgrano,298,Q8353,LUICOCO
2683,España,507,B7214,LAGUNA MEDINA
2684,Urquiza,120,B2700,FRANCISCO AYERZA
2685,Lavalle,586,S2148,LAS BANDURRIAS
2686,Alberdi,727,J5400,MEDANITO
2687,Tucumán,529,H3518,COLONIA RIO DE ORO
2688,Alberdi,82,A4530,MINAS Y.P.F.
2689,French,162,N3351,ARROYO CHICO
2690,Chile,995,G4353,AMAMA
2691,Tucumán,211,A4554,PLUMA DEL PATO
2692,O'Higgins,908,J5449,LA CIENEGUITA (VALLE FERTIL
2693,Dorrego,377,H3505,ARROYO QUINTANA
2694,Chile,323,F5361,LA HIGUERA
2695,Tucumán,884,G4353,EL AIBALITO
2696,Dorrego,711,X5123,VILLA MIREA
2697,Tucumán,573,B1846,BARRIO SAN JUAN (ALTE. BROWN
2698,Laprida,202,X5282,EL SALTO (APEADERO FCGB) (LOS SAUCES
2699,Chile,697,K4718,SUPERI (ESTACION FCGB)
2700,Dorrego,857,B1763,BARRIO LA MERCEDES
2701,Rivadavia,288,X5249,CAÑADA DE CORIA
2702,Sarmiento,371,X5212,LAS LOMITAS (SARMIENTO-DPTO.ISCHILLIN)
2703,Güemes,273,B7105,SAN CLEMENTE DEL TUYU ESTAFETA Nº3
2704,Rivadavia,52,X2572,BALLESTEROS
2705,French,842,G3736,ESTANCIA NUEVA ESPERANZA
2706,Alsina,642,K4139,EL TESORO
2707,Güemes,359,X5282,ESCOBAS
2708,French,409,W3427,ARROYITO (MBURUCUYA
2709,Pueyrredón,753,A4401,ATOCHA
2710,Belgrano,503,K4700,BANDA VARELA
2711,Moreno,287,A4409,CHORRILLOS
2712,Tucumán,225,X5870,LA CAÑADA (DPTO.SAN JAVIER)
2713,Dorrego,923,X5214,PUESTO DE ARRIBA
2714,Chile,364,B1925,ENSENADA ESTAFETA No.1
2715,España,879,T4242,PUESTO LOS PEREZ
2716,San Martín,796,S3001,LOS ZAPALLOS
2717,Saavedra,252,F5365,PLAZA NUEVA
2718,Dorrego,404,G4234,SAN ANTONIO (LAVALLE
2719,Laprida,941,T4286,SAN JOSE (LAS CEJAS
2720,Chile,876,T4111,LOS VILLAGRA
2721,Dorrego,875,X5282,SANTA ISABEL (CHARBONIER-DPTO.PUNILLA)
2722,San Martín,161,N3350,CARRILLO VIEJO
2723,Moreno,536,B7245,LA PAZ
2724,Lavalle,654,X5291,MOGOTE VERDE
2725,Güemes,546,X5221,SANTA SABINA (SANTA CATALINA-DPTO.TOTORAL)
2726,España,451,T4117,PALTA
2727,Lavalle,191,S3561,EL CARMEN DE AVELLANEDA
2728,Güemes,265,S3014,MONTE VERA
2729,Tucumán,965,B1640,MARTINEZ ESTAFETA No.6
2730,Sarmiento,514,X6225,HIPOLITO BOUCHARD
2731,Tucumán,799,F5329,SURIYACO
2732,Chile,47,U9100,BARRIO VILLA ITALIA
2733,French,702,G2341,CLAVEL BLANCO
2734,Alberdi,642,X5295,VILLA TANINGA
2735,Moreno,38,K4139,FAMATANCA
2736,Belgrano,241,G4353,JUNCAL GRANDE
2737,Alsina,850,T4151,EL MILAGRO
2738,Güemes,116,Y4644,PUESTO DEL MARQUEZ
2739,Tucumán,574,X5280,NEGRO HUASI
2740,Alberdi,834,Q8371,QUILQUIHUE
2741,Sarmiento,917,D5835,USPARA
2742,Rivadavia,618,G4223,CAÑADA TALA POZO
2743,Urquiza,363,M5621,EL CEIBO
2744,España,485,X2432,EL TIO
2745,Alsina,529,B6516,DENNEHY
2746,Tucumán,151,N3328,OTILIA
2747,San Martín,802,X5887,PASO LAS TROPAS
2748,Pueyrredón,371,X5212,BARRANCA YACO
2749,San Martín,549,L6228,TRES LAGUNAS
2750,San Martín,86,K5331,SANTA CRUZ (CORDOBITA-DPTO.TINOGASTA)
2751,Saavedra,297,L8201,LA REFORMA
2752,Lavalle,550,G4334,TORO PAMPA (REAL SAYANA
2753,Lavalle,50,W3416,KILOMETRO 501 (APEADERO FCGU)
2754,Belgrano,743,K5265,CHACRITAS
2755,Pueyrredón,64,P3611,SANTA ISABEL
2756,Alsina,117,Q8347,MALLIN DE MENA
2757,Moreno,66,L6326,LA FLORIDA
2758,Dorrego,983,P3624,AGENTE FELIPE SANTIAGO IBAÑEZ
2759,Saavedra,885,X5201,LA ZANJA
2760,Urquiza,283,G4353,MARIA
2761,Sarmiento,598,E3111,CHAÑAR
2762,Pueyrredón,188,B6403,BADANO
2763,Tucumán,652,Y4516,CAIMANCITO
2764,Sarmiento,399,T4119,CRUZ DE ABAJO
2765,O'Higgins,694,G4300,EL ALAMBRADO (LA BANDA
2766,Chile,168,B1825,MONTE CHINGOLO ESTAFETA No.7
2767,Güemes,498,W3451,MORA
2768,Moreno,480,B1921,LA TALINA
2769,Tucumán,512,G4206,KILOMETRO 135 (APEADERO FCGB)
2770,Rivadavia,144,A4411,SAN ANTONIO DE LOS COBRES
2771,Urquiza,715,E1649,ARROYO BICHO FEO
2772,Alberdi,127,J5439,VILLA ALEM
2773,Urquiza,881,X5901,AUSONIA
2774,Moreno,453,F5361,EL CHOCOY
2775,Lavalle,551,L6214,JARDON
2776,Mitre,69,U9105,BRYN BROWN
2777,Sarmiento,738,B1828,BARRIO PROVINCIAS UNIDAS
2778,Mitre,393,G5257,SANTA MARIA (RAMIREZ DE VELAZCO
2779,O'Higgins,886,L6305,LA NUEVA PROVINCIA
2780,España,275,W3423,LA PEPITA
2781,Saavedra,558,G4208,SAN PABLO (LORETO
2782,Mitre,715,M5533,EL CHIRCAL
2783,Laprida,177,X5209,LA QUINTA (SAN FRANCISCO DEL CHAÑAR-DPTO.SOBREMONTE)
2784,Laprida,537,N3327,PUERTO CAZADOR
2785,Lavalle,179,K5317,MUTQUIN
2786,Rivadavia,450,B7603,SAN CORNELIO
2787,Dorrego,699,G3740,JARDIN DE LAS DELICIAS
2788,Moreno,129,U9100,BARRIO PROGRESO
2789,Rivadavia,236,K4700,LOMA CORTADA
2790,Tucumán,588,T4115,LOS PUESTOS
2791,Rivadavia,618,B8154,LA SOBERANA
2792,Pueyrredón,810,S2214,ALDAO
2793,Rivadavia,166,N3378,VEINTIDOS DE DICIEMBRE
2794,Alberdi,438,X5875,LAS CHACRAS (DPTO.SAN JAVIER)
2795,Güemes,368,B1647,ARROYO SARANDI (SAN FERNANDO - PDO. SAN FERNANDO)
2796,Sarmiento,704,U9020,KILOMETRO 191 (APEADERO FCGR)
2797,España,841,B7404,SAN JORGE
2798,Saavedra,644,Q8341,LAPACHAL
2799,Alsina,24,B7403,CERRO AGUILA
2800,Pueyrredón,864,X5194,ALTO DE LOS REARTES
2801,Alberdi,173,B1609,BOULOGNE ESTAFETA No.1
2802,Lavalle,305,K5265,ESTANCIA
2803,Rivadavia,525,G3749,AGUA BLANCA (SANTA ROSA
2804,O'Higgins,682,X5000,BARRIO MARIANO FRAGUEIRO
2805,Pueyrredón,864,W3487,PUESTO ISLA
2806,Laprida,135,T4151,EL NOGAL
2807,Sarmiento,439,B6003,LA BEBA
2808,French,922,F5380,EL RETAMO
2809,Rivadavia,48,M5521,BARRIO RESIDENCIAL SANTA ANA
2810,Sarmiento,285,R8333,MICHI HONOCA
2811,Alberdi,927,X6225,HIPOLITO BOUCHARD
2812,Belgrano,719,B7613,NAHUEL RUCA
2813,Rivadavia,153,J5443,DIAZ VELEZ (APEADERO FCGB)
2814,Urquiza,283,Q8353,TAQUIMILAN ABAJO
2815,Belgrano,708,L6326,COLONIA TORELLO
2816,O'Higgins,159,T4105,SAN FELIPE (ESTACION FCGB) (SANTA BARBARA
2817,Alsina,606,M5563,LOS ARBOLES DE VILLEGAS
2818,Lavalle,761,E3170,COLONIA Nº1
2819,Saavedra,149,K4723,QUIMILPA
2820,España,492,G3749,NUEVO LIBANO
2821,Sarmiento,575,D5753,CASA DE PIEDRA (DPTO. SAN MARTIN)
2822,O'Higgins,69,N3357,PUERTO RUBEN
2823,España,763,N3350,CHIRIMAY
2824,Belgrano,832,D6279,UCHAIMA
2825,French,231,A4407,EL ENCON
2826,Saavedra,255,K4751,LA AGUADA (LA TOMA-DPTO.BELEN)
2827,Güemes,372,M5613,EL CHOIQUE
2828,Laprida,148,K4701,SOLEDAD
2829,Mitre,549,L6207,OJEDA
2830,Güemes,949,D5722,EL LINCE
2831,Laprida,97,G3749,ARGENTINA (LA ESPERANZA
2832,Urquiza,519,V9410,ISLA DE AÑO NUEVO
2833,Tucumán,432,E3101,GENERAL ALVEAR
2834,Belgrano,119,W3224,SAN MIGUEL (ESTACION LIBERTAD - DPTO. MONTE CASEROS)
2835,Mitre,80,G4208,CAÑADA RICA
2836,San Martín,359,K4726,LAS PALMAS
2837,Tucumán,39,E3162,HINOJAL
2838,Belgrano,140,G5257,RAMA PASO
2839,Urquiza,642,M5582,RETAMO (ING. GIAGNONI
2840,Mitre,59,A4440,SANTA ELENA (METAN - DPTO. METAN)
2841,Güemes,805,B7620,EL VERANO
2842,French,553,B7620,LOS CARDOS
2843,Pueyrredón,168,N3353,INVERNADA CHICA
2844,Chile,161,B7116,DON VICENTE
2845,O'Higgins,244,S2240,CORONDA
2846,Alberdi,357,S2240,CAMPO MOURE
2847,Tucumán,411,W3351,GARRUCHOS
2848,Moreno,785,W3358,EL SOCORRO (PLAYADITO
2849,Mitre,369,U9121,EL RUANO
2850,Alsina,510,E3212,COLONIA SAN ANTONIO (LOS CHARRUAS
2851,San Martín,885,R8363,LAMARQUE
2852,French,561,K4700,VILLA CUBAS
2853,Moreno,739,B7109,MAR DE AJO ESTAFETA No.2
2854,O'Higgins,492,M5560,LAS ROSAS
2855,Mitre,49,L6365,SANTA CATALINA
2856,Pueyrredón,1000,U9103,CHARQUE CHICO
2857,Lavalle,540,X6128,VILLA ROSSI
2858,Güemes,208,X5209,JUME
2859,Güemes,473,H3701,LAS CUCHILLAS (COLONIA JOSE MARMOL-PDO.COMANDANTE FERNANDEZ)
2860,Saavedra,383,D5721,LA CAÑADA (VARELA - DPTO. LA CAPITAL)
2861,Dorrego,28,E3114,GENERAL RACEDO
2862,España,225,U9020,ISLA NUEVA
2863,San Martín,565,B1763,BARRIO SOFIA BOZAN
2864,San Martín,186,B1901,ADOLFO F. ORMA (APEADERO F.G.B.)
2865,San Martín,879,X5809,GENERAL CABRERA
2866,San Martín,786,M5589,REYES
2867,Sarmiento,824,U9201,EL PAJARITO
2868,French,264,X5000,BARRIO DON BOSCO
2869,Belgrano,670,D5775,VALLE SAN JOSE
2870,O'Higgins,286,E3246,LA CAPILLA
2871,Rivadavia,928,Y4624,PUESTO
2872,San Martín,127,G4184,POZO LERDO
2873,French,451,B1649,RIO CARABELAS
2874,Güemes,356,H3705,LA LIBERTAD
2875,Laprida,577,X5284,BARRIALITOS
2876,Mitre,46,B7609,BALNEARIO MAR CHIQUITA
2877,Pueyrredón,938,Q8353,LAS OVEJAS
2878,French,76,T4111,LOS PORCELES
2879,Rivadavia,295,B6628,CORONEL SEGUI
2880,Alberdi,897,Y4641,TEUCO
2881,Alberdi,456,U9201,LOS POCITOS DE QUICHAURA
2882,Laprida,270,B6230,GENERAL VILLEGAS
2883,Lavalle,980,B7243,ELVIRA
2884,Belgrano,535,P3601,SAN CAYETANO
2885,Saavedra,429,K4723,QUEBRACHOS BLANCOS
2886,Alsina,137,N3360,PUEBLO SALTO
2887,Lavalle,606,L6300,LA MALVINA
2888,Güemes,928,U9007,EL JAGUEL
2889,Rivadavia,708,T4101,VILLA DE LOS BRITOS
2890,España,335,S3000,BARRIO PROGRESISTAS
2891,O'Higgins,292,A4421,LA COSTA (EL CARMEN
2892,Belgrano,618,A4193,BAJADA BLANCA
2893,Urquiza,214,E2805,COLONIA DELTA
2894,Moreno,914,F5385,TASQUIN
2895,O'Higgins,678,W3448,SAN ROQUE (DPTO. SAN ROQUE)
2896,Güemes,215,Y4641,AGUA CALIENTE
2897,Mitre,70,D5753,EL PARAGUAY
2898,Alberdi,106,J5449,VALLE FERTIL
2899,Alberdi,628,X5189,COLONIA SAN IGNACIO
2900,Belgrano,797,E3190,COLONIA LA DELIA
2901,Saavedra,856,B2900,BARRIO 9 DE JULIO (SAN NICOLAS
2902,Rivadavia,855,A4535,MARTIN GARCIA
2903,Urquiza,311,Y4630,APARZO
2904,Alsina,665,K4139,FAMABALASTRO
2905,Lavalle,370,D5721,MOSMOTA
2906,Belgrano,900,W3302,SANGARA
2907,Lavalle,165,G4201,CHILQUITA (CHILCAS LA LOMA
2908,Laprida,540,S3557,CARAGUATAY
2909,Moreno,552,G5251,EL RODEO
2910,Mitre,443,G5257,LA GOLONDRINA
2911,Laprida,764,D5722,CASA PA
2912,España,887,N3363,9 DE JULIO (ALBA POSSE
2913,Laprida,388,R8532,ARROYO SALADO
2914,Urquiza,967,G4201,CAÑADA DEL MEDIO
2915,Pueyrredón,892,Y4653,CASIRA
2916,San Martín,605,M5573,VILLA DE JUNIN
2917,Alberdi,790,B7541,PUEBLO SANTA TRINIDAD
2918,Tucumán,673,G4203,MATE PAMPA
2919,Saavedra,275,W3407,TIMBO CORA
2920,Laprida,310,T4242,YAPACHIN
2921,Moreno,61,L6300,LA FORTUNA
2922,Saavedra,283,X5871,MEDANITOS
2923,Chile,120,G4184,CEJA POZO
2924,España,411,H3509,KILOMETRO 42 (EMBARCADERO FCGB)
2925,Alsina,603,U9223,EL SHAMAN
2926,San Martín,504,D5722,LA YERBA BUENA
2927,Mitre,283,Z9303,LA BARRETA
2928,Urquiza,729,G4238,LOS COBRES
2929,Laprida,316,S2117,COLONIA O'FARRELL
2930,Rivadavia,153,A4449,SANTO DOMINGO (LAS LAJITAS
2931,Laprida,330,W3474,NUEVA ESPERANZA (CHAVARRIA
2932,Moreno,121,U9203,RIO GRANDE
2933,Lavalle,901,Z9303,LA JULIA
2934,Saavedra,534,B6435,GUAMINI
2935,Alsina,983,U9201,TAQUETREN
2936,Dorrego,415,L6380,EDUARDO CASTEX
2937,Mitre,300,Q8375,CAÑADON DE LOS INDIOS
2938,Laprida,671,B1876,CAMINO GRAL.BELGRANO (KM.11 AL 11
2939,Lavalle,482,N3362,YERBAL VIEJO SECCION 4
2940,Urquiza,896,J5436,COLONIA ZAPATA
2941,O'Higgins,90,D5755,MANANTIAL (SAN MARTIN
2942,Lavalle,748,X5801,CUATRO VIENTOS
2943,Urquiza,613,X5963,CAÑADA DE MACHADO SUD
2944,Mitre,776,U9020,SIERRA DEL CENTRO
2945,Mitre,452,A4449,EL PERICOTE
2946,Mitre,190,B7223,BONNEMENT (APEADERO FCGR)
2947,Rivadavia,779,Q8347,CERRO DE LA GRASA
2948,Tucumán,593,E3216,GENERAL CAMPOS
2949,San Martín,440,W3448,MOJON
2950,Alberdi,759,M5603,LOS PEJES
2951,Dorrego,795,T4187,CEJA POZO
2952,Alberdi,724,B6661,MAMAGUITA
2953,Mitre,179,B1702,CIUDADELA
2954,Saavedra,532,X2645,COLONIA PROGRESO
2955,San Martín,959,B6471,MOURAS
2956,Güemes,539,M5621,LA ESCONDIDA
2957,Chile,167,B2752,LA LUISA
2958,Chile,918,B1834,BARRIO SAN CRISTOBAL
2959,O'Higgins,187,E3174,SEGUNDO CUARTEL
2960,Saavedra,415,L6321,LOMAS DE GATICA
2961,O'Higgins,282,B1849,BARRIO LA JOVITA
2962,Saavedra,164,G4225,ABRAS DEL MARTIRIZADO
2963,Chile,154,G4326,SAUCE BAJADA
2964,Dorrego,963,D5701,TALARCITO
2965,Laprida,896,G4324,YALAN (GARZA
2966,Rivadavia,732,G4350,SUNCHO CORRAL
2967,Chile,940,S3060,TOSTADO
2968,España,755,F5301,EL VALLE
2969,San Martín,157,B8185,COLONIA LA ESTELA
2970,Dorrego,657,R8400,LOS JUNCOS (DPTO. PILCANIYEU)
2971,O'Higgins,666,G5251,RUMI HUASI
2972,Mitre,113,M5623,LA VASCONIA
2973,French,453,B1649,ARROYO SARANDI (TIGRE - PDO. TIGRE)
2974,San Martín,115,K4707,POLCOS
2975,Chile,634,K4750,AGUA COLORADA (BELEN
2976,Rivadavia,966,G5255,PUESTO DE ARRIBA
2977,Sarmiento,308,G3064,EL CANDELERO
2978,Laprida,799,W3481,VILLA LUJAN
2979,Laprida,335,Q8340,EL CAÑADON
2980,Belgrano,648,P3601,EL OLVIDO
2981,Rivadavia,334,H3514,KILOMETRO 2 (ESTACION FCGB)
2982,Mitre,125,S2000,LA CERAMICA Y CUYO
2983,Moreno,281,D5773,POZO FRIO
2984,French,955,B8109,DESVIO SANDRINI
2985,Tucumán,273,B6557,ARBOLEDAS
2986,Alberdi,259,W3342,SAN JUSTO
2987,Rivadavia,608,A4434,PIQUETE DE ANTA
2988,Laprida,769,X5972,LAGUNILLA (PILAR-DPTO.RIO SEGUNDO
2989,Mitre,74,W3403,ALBARDONES
2990,Mitre,568,A4190,LA BANDA (R. DE LA FRONTERA
2991,Güemes,931,U9201,TECKA
2992,Moreno,339,D6279,ESTANCIA DON ARTURO
2993,Tucumán,711,Q8349,RANQUELES
2994,Moreno,985,W3421,SAN NICOLAS (TABAY - DPTO. CONCEPCION)
2995,Rivadavia,42,X2434,LA CURVA
2996,Urquiza,32,D5707,PASTAL
2997,Saavedra,534,B7517,JUAN E. BARRA
2998,Alberdi,797,T4111,POLITO (APEADERO FCGB)
2999,Pueyrredón,207,U9120,PUNTA QUIROGA
3000,French,218,S2000,BARRIO INDUSTRIAL
3001,Alberdi,107,G5250,LOS ALGARROBOS
3002,Sarmiento,381,G5251,BARRIALITO (CHACRAS
3003,Moreno,983,L6321,LA GUADALOSA
3004,Dorrego,720,G4220,LORO HUASI
3005,Dorrego,670,D5750,CANTERAS SANTA ISABEL
3006,Dorrego,566,X5221,CAÑADA DE MATEO
3007,Sarmiento,347,X5891,CIENAGA DE ALLENDE
3008,Laprida,150,X2686,ALEJANDRO
3009,Belgrano,763,B1903,PARAJE EL PELIGROSO
3010,O'Higgins,632,B8160,FUERTE ARGENTINO
3011,Tucumán,559,B6467,MARIA LUCILA
3012,Rivadavia,591,Q8370,VEGA MAIPU
3013,Rivadavia,499,K4724,LOS ANGELES
3014,Mitre,224,Q8401,NAHUEL HUAPI
3015,Tucumán,636,B1872,SARANDI
3016,Tucumán,493,F5385,RIO DE LAS CAÑAS
3017,Güemes,495,B7401,CANTERAS DE GREGORINI
3018,España,415,A4401,CALDERA
3019,Güemes,997,T4119,CHURQUI
3020,Laprida,258,E3170,COLONIA LUCIENVILLE
3021,Lavalle,276,W3448,CAÑADA MALA
3022,Mitre,425,G3740,LOS PENSAMIENTOS
3023,French,575,W3414,SAN FRANCISCO CUE
3024,Sarmiento,725,W3344,ESPINILLAR
3025,España,845,G4452,TORO PAMPA (DPTO. COPO)
3026,Tucumán,933,T4117,GUZMAN (ESTACION FCGB)
3027,España,971,Z9053,JARAMILLO
3028,Mitre,955,E1649,ARROYO MOSQUITO
3029,Dorrego,510,H3732,GENERAL CAPDEVILLA
3030,Chile,478,B8508,PUERTO TRES BONETES
3031,French,387,G4354,EL AIBAL (LA CAÑADA
3032,Güemes,729,E3261,COLONIA SANTA ANA
3033,Moreno,193,U9033,LAGO FONTANA
3034,Rivadavia,658,E2846,LA ARGENTINA
3035,Alberdi,665,J5427,QUINTO CUARTEL
3036,Pueyrredón,886,E3183,TACAS
3037,Moreno,880,Y4500,MORALITO
3038,España,570,U9223,LAS MULAS
3039,Moreno,681,R8138,JUAN DE GARAY
3040,Belgrano,745,U9201,MALLIN BLANCO
3041,Alsina,99,B1888,FLORENCIO VARELA ESTAFETA No.7
3042,Rivadavia,704,S2212,CAMPO GALLOSO
3043,Laprida,583,D5711,EL ZAPALLAR
3044,Saavedra,791,M5595,ÑACUÑAN
3045,Sarmiento,256,S2349,RIPAMONTI
3046,Moreno,902,K4230,CORRALITOS
3047,Belgrano,974,T4117,PALTA
3048,Laprida,28,A4421,FACUNDO ZUVIRIA
3049,Mitre,308,X5109,CABANA
3050,Lavalle,507,K4751,POZO DE PIEDRA (DPTO. BELEN)
3051,Mitre,895,K4139,ANDALHUALA
3052,Dorrego,436,G4334,POZO CEBADO (REAL SAYANA
3053,Alberdi,378,X5125,RUTA 19 KILOMETRO 317
3054,Urquiza,297,B1649,PAY CARABI
3055,Laprida,688,U9100,BARRIO VILLA ITALIA
3056,O'Higgins,99,K4753,PIEDRA LARGA
3057,Tucumán,109,T4124,LA CAÑADA (LEOCADIO PAZ
3058,Saavedra,788,S3025,SOUTOMAYOR
3059,Laprida,753,R8364,EL MOLINO
3060,España,109,D5701,PANCANTA
3061,Chile,743,B2900,BARRIO NOVAMUR
3062,Belgrano,328,D5724,LA BREA (CHOSMES - DPTO. CAPITAL)
3063,Güemes,50,F5275,LOS MISTOLES
3064,España,431,K4235,LOS CORRALES
3065,O'Higgins,833,W3302,ITUZAINGO
3066,Urquiza,837,L6212,SAN HILARIO
3067,Alsina,953,X5889,NIÑA PAULA
3068,Saavedra,478,N3364,DOS DE MAYO
3069,Belgrano,807,W3220,CHACRAS 2ª SECCION
3070,Sarmiento,172,B1884,BERAZATEGUI ESTAFETA No.1
3071,Alsina,162,B8170,ABRA DE HINOJO
3072,Belgrano,599,D5777,DURAZNITO (SANTA ROSA DE CONLARA
3073,Alberdi,900,H3730,COLONIA SCHMIDT
3074,Güemes,302,U9200,MALLACO
3075,Alberdi,606,W3230,ARBOL SOLO
3076,Alberdi,292,X5885,EL ALGODONAL (LAS RABONAS
3077,Chile,643,B2346,ESTINGANA
3078,Mitre,886,R8422,PUERTO HERMOSO
3079,Mitre,824,X2563,SAN JOSE DEL SALTEÑO
3080,España,253,P3603,KILOMETRO 213 (RIO BERMEJO)
3081,Saavedra,751,T4115,LAGUNA BLANCA
3082,Pueyrredón,501,D5719,CASA DE LOS TIGRES
3083,Sarmiento,527,Q8347,MALLIN BLANCO
3084,O'Higgins,438,E3246,EBEN HOROSCHA
3085,O'Higgins,55,B7412,LOS PINOS (VOLUNTAD
3086,Laprida,329,D5736,LA CAUTIVA
3087,Belgrano,234,E1649,ARROYO BICHO FEO
3088,Lavalle,851,B1649,ARROYO TOLEDO (PARANA MINI)
3089,Tucumán,973,G4302,LOS GALLARDOS
3090,Dorrego,100,E3122,MORENO
3091,Saavedra,112,L6323,ALGARROBO DEL AGUILA
3092,French,331,B1649,ARROYO FELIX
3093,Mitre,957,B1879,QUILMES OESTE ESTAFETA Nº6
3094,Moreno,608,T4119,SAN EUSEBIO
3095,San Martín,989,R8501,SAN JAVIER
3096,Dorrego,359,A4448,LAGUNA BLANCA
3097,San Martín,988,T4113,ENTRE RIOS (LEALES
3098,Moreno,746,B1759,LOMAS DE GARONE
3099,Laprida,354,G4201,HOYO CON AGUA
3100,Lavalle,616,Y4630,BALIAZO
3101,O'Higgins,807,G4205,EL NERIO
3102,Lavalle,889,L6307,LA JOSEFINA
3103,Urquiza,185,X2650,COLONIA SANTA MARIA (CANALS
3104,Rivadavia,926,K4718,TALAGUADA
3105,O'Higgins,554,G4324,LAPA
3106,España,66,E3212,COLONIA SAN ANTONIO (LOS CHARRUAS
3107,French,207,K4707,SAN ANTONIO DE PIEDRA BLANCA
3108,Lavalle,242,Y4653,PASTO PAMPA
3109,Dorrego,690,L6300,BARRANCAS COLORADAS (SANTA ROSA DPTO. CAPITAL)
3110,O'Higgins,24,T4144,LAS HUGUERITAS
3111,Saavedra,526,B7400,OLAVARRIA
3112,Moreno,709,X5285,LA PALMITA
3113,Sarmiento,740,X5137,LOS CERROS
3114,Alberdi,397,T4142,ARAN
3115,Sarmiento,581,X5870,CORRAL DE CABALLOS
3116,Sarmiento,487,S2303,ANGELICA VIEJA
3117,Rivadavia,73,X2525,FLORA
3118,Güemes,873,G4350,TRES HERMANAS
3119,Güemes,596,X5117,LA HIGUERA (SAN JORGE-DPTO.TOTORAL)
3120,Dorrego,1000,G4354,CACHI
3121,French,571,B1722,PARQUE SAN MARTIN (PDO. MERLO)
3122,Mitre,779,R8324,LA ESTANCIA VIEJA
3123,French,868,B2720,HARAS EL PELADO
3124,Belgrano,557,B7531,EL PENSAMIENTO
3125,Chile,677,D6279,EL RECUERDO (NAHUEL MAPA
3126,Chile,103,G3760,KILOMETRO 515 (EMBARCADERO FCGB)
3127,O'Higgins,543,X5871,LAS TOSCAS (DPTO.SAN ALBERTO)
3128,O'Higgins,280,E3190,BANDERAS
3129,O'Higgins,695,B1755,RAFAEL CASTILLO
3130,Alberdi,961,J5461,AGUADA DE LA PEÑA
3131,Dorrego,977,W3400,BARRIO SANTA TERESITA
3132,San Martín,647,P3611,SALVACION
3133,O'Higgins,1000,P3636,CARLOS PELLEGRINI
3134,Dorrego,630,H3700,PAMPA GALPON
3135,Mitre,416,B7403,COLONIA SAN MIGUEL
3136,Tucumán,577,B1907,EL PINO
3137,Pueyrredón,654,A4434,LUMBRERAS
3138,Sarmiento,370,W3194,ARROYO SORO
3139,España,468,P3628,KILOMETRO 1769 (APEADERO FCGB)
3140,Güemes,966,T4141,MANAGUA
3141,Pueyrredón,849,B1808,CARRIQUIBORDE
3142,Belgrano,893,B7305,SAN ANDRES DE TAPALQUE
3143,España,674,W3358,EL SOCORRO (PLAYADITO
3144,Urquiza,830,X5135,DIEGO DE ROJAS
3145,Mitre,589,W3340,KILOMETRO 459 (APEADERO FCGU)
3146,Lavalle,419,T4000,KILOMETRO 810 (APEADERO FCGB)
3147,French,891,G4201,EL DEAN
3148,Güemes,69,G4338,SAN ISIDRO (CLODOMIRA
3149,Dorrego,100,B7635,SAN JOSE (PDO. NECOCHEA)
3150,Güemes,39,D5721,CHICHAQUITA
3151,Moreno,775,B1854,LONGCHAMPS
3152,French,799,Y4630,APARZO
3153,San Martín,359,W3340,ISLA SAN MATEO
3154,Chile,901,B1713,BARRIO VILLA HARAS MYRIAM
3155,Saavedra,326,D5719,CAÑADA DE VILAN
3156,Pueyrredón,976,F5471,LA REPRESA
3157,España,922,B1828,BARRIO PARQUE UNION Y FRATERNIDAD
3158,Belgrano,846,L6354,COLONIA LA GAVIOTA
3159,Chile,208,A4552,CAMPICHUELO
3160,French,354,B1665,JOSE C. PAZ ESTAFETA No.13
3161,Dorrego,91,D6215,POLLADO
3162,Lavalle,175,K4234,ACHALCO
3163,Alberdi,283,P3634,POZO DE LAS BOTIJAS
3164,Moreno,946,H3514,COLONIA JUAN PENCO
3165,Belgrano,784,X5178,CRUZ CHICA
3166,Güemes,92,B7548,CURA-MALAL
3167,Dorrego,256,G4301,DIQUE FIGUEROA
3168,San Martín,781,B7547,PASMAN
3169,Sarmiento,962,L6333,COLONIA LA ABUNDANCIA
3170,Lavalle,542,B2900,SAN NICOLAS ESTAFETA Nº4
3171,Moreno,459,B7631,QUEQUEN ESTAFETA Nº3
3172,Urquiza,686,B1842,BARRIO VILLA MARIA
3173,Güemes,377,E2846,FERNANDEZ (EMBARCADERO FCGU)
3174,Saavedra,611,G4201,ANCOCHA
3175,Pueyrredón,132,D5777,LAS TIGRAS
3176,Moreno,978,X5248,EL SILVERIO
3177,Tucumán,879,G4354,LA LOMA (HURITU HUASI
3178,Lavalle,849,R8424,COMI-C
3179,Tucumán,644,T4142,ARAGONES
3180,Alberdi,344,E3127,PUERTO ALGARROBO
3181,Belgrano,118,Z9051,LA MARGARITA
3182,Belgrano,178,X5123,KILOMETRO 25 LA CARBONADA
3183,Tucumán,117,B6430,ROLITO (ESTACION FCGB)
3184,San Martín,236,S2313,MUTCHNIK
3185,Sarmiento,888,B7130,CHASCOMUS ESTAFETA No.1
3186,French,80,B7630,BARRIO BANCO PROVINCIA
3187,Belgrano,934,X5135,LAS GRAMILLAS (DPTO.RIO PRIMERO)
3188,Belgrano,415,G4187,ISLA MOTA
3189,French,228,P3626,SAN LORENZO
3190,Belgrano,862,B7003,ACEILAN
3191,Mitre,692,X5823,MODESTO ACUÑA
3192,Mitre,119,E3246,COLONIA ACHIRAS
3193,Lavalle,652,K4705,ANTAPOCA
3194,O'Higgins,819,D5753,CORRALES
3195,Urquiza,507,B1649,ARROYO LIMA
3196,Alsina,646,L6321,NAHUEL MAPA
3197,Urquiza,785,B6013,BAIGORRITA
3198,Alberdi,868,G4350,LOJIO
3199,Saavedra,440,G4336,ABRA GRANDE
3200,España,709,B6058,PAZOS KANKI
3201,Tucumán,608,B1846,ALMIRANTE BROWN
3202,O'Higgins,585,D5755,CUEVA DEL TIGRE
3203,Sarmiento,50,T4132,LAS MESADAS
3204,Belgrano,654,G4452,CRUZ BAJADA
3205,Urquiza,846,W3420,PARAJE AUGUA
3206,O'Higgins,271,G3062,EL JARDIN
3207,Chile,324,U9020,LAS PULGAS
3208,Alberdi,731,L6321,EL REFUGIO
3209,Urquiza,907,B1649,ARROYO CIEGO
3210,Pueyrredón,590,X2679,PASCANAS
3211,Güemes,995,G3741,GRANADERO GATICA
3212,Urquiza,708,D5750,CANTERAS SANTA ISABEL
3213,Tucumán,114,T4163,PUESTO NUEVO
3214,Güemes,307,Q8313,CERRO DEL LEON
3215,Belgrano,32,G3064,LA FRANCISCA
3216,Lavalle,851,U9207,LOS ALTARES
3217,Güemes,32,X5172,LA QUEBRADA (LA FALDA-DPTO.PUNILLA)
3218,French,497,B8504,LAGUNA DEL MONTE (CARMEN DE PATAGONES
3219,Pueyrredón,318,T4174,ATAHONA
3220,Tucumán,105,K4701,ANCASTI
3221,Dorrego,461,W3414,ITATI
3222,Güemes,330,B1649,ARROYO VEINTICINCO DE NOVIEMBRE
3223,Lavalle,565,U9227,PASO MORENO
3224,Tucumán,653,K5265,CAÑADA LARGA
3225,Lavalle,298,X6120,FRAY CAYETANO RODRIGUEZ
3226,Chile,400,U9203,VALLE FRIO
3227,Saavedra,652,B1649,ARROYO GUTIERREZ
3228,Alberdi,565,X5149,SALDAN
3229,San Martín,43,W3340,TRES TAPERAS
3230,España,824,W3344,LA MAGNOLIA
3231,Pueyrredón,501,L8214,EL DESCANSO (UNANUE
3232,Güemes,465,X5145,KILOMETRO 730 (APEADERO FCGB)
3233,Chile,21,X5137,LOS CASTAÑOS
3234,Alberdi,289,W3401,SAN CAYETANO
3235,Chile,540,X5255,LA OSCURIDAD
3236,Chile,22,E3252,COLONIA VELEZ
3237,Sarmiento,209,W3407,GENERAL PAZ
3238,Güemes,148,G4350,SANTA MARIA (SUNCHO CORRAL
3239,Moreno,649,B7261,SALADILLO NORTE
3240,Alberdi,330,H3543,KILOMETRO 498 (APEADERO FCGB)
3241,Laprida,277,G4301,FORTUNA
3242,Saavedra,415,B6634,LARREA
3243,Güemes,905,K4751,EL TIO
3244,Belgrano,113,X5209,SAN LUIS
3245,San Martín,188,A4530,RIO COLORADO
3246,Alberdi,244,B1649,RIO CARAPACHAY
3247,España,767,P3620,BALLON
3248,Urquiza,268,P3626,EL RECREO
3249,España,75,Q8407,LA ANGOSTURA
3250,Mitre,227,X5244,EL PANTANO
3251,Saavedra,810,U9207,SIERRA NEVADA (PASO DE INDIOS - DPTO. PASO DE INDIOS)
3252,San Martín,570,W3454,LA ELVIRA
3253,Güemes,79,B8134,PASO CRAMER
3254,Mitre,653,P3604,SAN HILARIO
3255,San Martín,860,D6279,LA HORTENSIA
3256,España,831,Y4501,SAN JUAN DE DIOS
3257,Saavedra,653,K4715,MOLLE QUEMADO
3258,España,676,X5137,VILLA FONTANA
3259,Belgrano,541,W3197,SANTA ANA (LIBERTADOR-DPTO.ESQUINA)
3260,España,983,G2341,COLONIA ALPINA
3261,French,523,Z9051,LA PROTEGIDA
3262,Mitre,411,T4119,EL TAJAMAR
3263,Sarmiento,426,J5403,BARRIALITOS
3264,O'Higgins,946,K4726,CHAÑARITOS (HUILLAPIMA
3265,Lavalle,501,G4189,LAS DELICIAS (DPTO. PELLEGRINI)
3266,Sarmiento,349,B6557,ARBOLEDAS
3267,Rivadavia,118,T4119,ANTILLAS
3268,Sarmiento,330,B6073,FORTIN VIGILANCIA
3269,Laprida,436,D5751,SALADILLO
3270,Alsina,974,B1884,BARRIO CENTENARIO
3271,Urquiza,66,E3190,PUERTO MARQUEZ
3272,Dorrego,530,N3322,COLONIA DOMINGO SAVIO
3273,Saavedra,653,G3741,LA CURVA
3274,Saavedra,565,L6307,MACACHIN
3275,Tucumán,423,W3197,ESTERO GRANDE
3276,Laprida,696,L6365,COLONIA SANTA ELVIRA
3277,Alsina,860,G4197,PUESTO DEL MEDIO (NUEVA ESPERANZA
3278,Güemes,764,B1894,DOCTOR RICARDO LEVENE
3279,Mitre,61,G4321,EL CINCUENTA
3280,Urquiza,677,S3083,GRUTLY NORTE
3281,O'Higgins,320,T4113,EL CARMEN (EL GUARDAMONTE
3282,Mitre,392,A4126,LA MARAVILLA
3283,Rivadavia,448,W3224,SAN JOSE (ESTACION LIBERTAD - DPTO. MONTE CASEROS)
3284,Pueyrredón,974,Q8318,EL MANGRULLO (PLAZA HUINCUL
3285,Alberdi,859,S2349,OLONIA RIPAMONTI
3286,Güemes,901,B6607,ESTEBAN DIAZ
3287,Alberdi,298,W3451,PAGO REDONDO
3288,Güemes,480,A4425,LA VIÑA (DPTO. LA VIÑA)
3289,España,939,G4201,SAN ANTONIO DE LOS CACERES
3290,Alsina,173,T4000,BARRIO MARCONI
3291,Tucumán,433,M5605,CALLE LARGA VIEJA
3292,Güemes,176,L6307,LA ANTONIA
3293,Urquiza,393,L6212,ADOLFO VAN PRAET
3294,Güemes,289,X5166,LEOPOLDO LUGONES (APEADERO FCGB)
3295,Güemes,713,M5613,RANQUILCO (POZOS PETROLIFEROS)
3296,Rivadavia,412,Y4618,EL COLORADO
3297,Chile,174,R8417,LA CHILENA
3298,Urquiza,376,D5715,BALDE DE LEDESMA
3299,Rivadavia,499,B1765,BARRIO SAN CAYETANO (ISIDRO CASANOVA
3300,Alsina,831,D5703,SEIS DE SEPTIEMBRE
3301,Sarmiento,550,E3214,YUQUERI
3302,Alsina,488,B1623,BARRIO GARIN NORTE
3303,San Martín,131,K4722,LOS OVEJEROS
3304,Dorrego,501,B7639,COOPER
3305,Alberdi,630,S2109,PAVON ARRIBA
3306,Pueyrredón,640,W3230,RECREO
3307,Laprida,685,B8136,LA SOMBRA
3308,Pueyrredón,647,E3203,KILOMETRO 33 (APEADERO FCGU)
3309,Güemes,896,G5250,JUME
3310,Sarmiento,707,B2752,CAPITAN SARMIENTO
3311,French,288,L8201,LA REFORMA VIEJA
3312,Belgrano,860,T4119,CAÑADA DE LOS NEGROS
3313,Mitre,565,Y4503,SAN ANTONIO
3314,Pueyrredón,808,G2357,UNION
3315,Rivadavia,747,V9420,PUNTA MARIA
3316,Tucumán,818,T4115,EL PAVON
3317,Rivadavia,846,Q8375,SANTA ISABEL (CATAN LIL
3318,Saavedra,26,E3263,CENTENARIO (PRIMERO DE MAYO
3319,San Martín,743,B7607,MIRAMAR SUCURSAL No.1
3320,Saavedra,865,G4322,FERNANDEZ
3321,España,263,G4452,PICOS DE ARROZ
3322,Belgrano,283,B7263,LA PAMPA
3323,Pueyrredón,405,Q8351,FRANHUNCURA
3324,Chile,964,B1649,ARROYO RODEO
3325,Mitre,71,A4644,VIZCARRA
3326,Laprida,809,U9031,LOS TAMARISCOS
3327,French,215,Y4600,VILLA LUJAN
3328,Laprida,740,M5509,UGARTECHE
3329,España,549,W3460,ESPINILLO
3330,O'Higgins,98,A4419,BANDA GRANDE
3331,Urquiza,339,J5444,PIE DE PALO
3332,Moreno,391,A4409,TACUARA (APEADERO FCGB)
3333,Güemes,355,P3603,KILOMETRO 232 (NAVEGACION RIO BERMEJO)
3334,Tucumán,890,G4206,MAQUITA
3335,Alberdi,637,X5227,MAQUINISTA GALLINI (DPTO.RIO PRIMERO)
3336,Saavedra,487,K5341,PAMPA BLANCA
3337,Dorrego,818,G5251,AMBARGASTA
3338,O'Higgins,740,L6354,LA CARMEN
3339,España,345,X5209,AGUADA DEL MONTE
3340,Urquiza,932,M5600,SAN RAFAEL
3341,Tucumán,964,B1657,PABLO PODESTA ESTAFETA Nº1
3342,Güemes,544,A4530,RIO DE LAS PIEDRAS (SAN RAMON DE LA NUEVA ORAN
3343,Güemes,504,X5887,LA QUINTA (NONO-DPTO.SAN ALBERTO)
3344,Saavedra,902,T4119,TARUCA PAMPA
3345,Güemes,37,G5250,INTI HUASI
3346,Güemes,138,D6279,COLONIA CALZADA
3347,O'Higgins,256,B1649,ARROYO MENDEZ GRANDE
3348,Moreno,935,X5281,LOS CHAÑARITOS (MEDIA NARANJA-DPTO.CRUZ DEL EJE)
3349,Saavedra,373,J5435,RAMBLON (ESTACION FCGSM)
3350,O'Higgins,205,Z9053,AGUADA GRANDE
3351,Dorrego,453,B6530,SAN JUAN DE NELSON
3352,Laprida,214,B1881,BARRIO SANTA CATALINA (SAN FRANCISCO SOLANO
3353,Mitre,128,F5355,VILLA CASTELLI
3354,Belgrano,357,B1649,ARROYO CUEVAS MALAS
3355,Mitre,825,W3302,VIZCAINO
3356,Alsina,52,H3522,LOTE 16 (ESCUELA 204)
3357,Mitre,967,W3418,KILOMETRO 451 (APEADERO FCGU)
3358,Pueyrredón,852,P3606,COMANDANTE PRINCIPAL CARLOS ISMAEL STRONG
3359,Moreno,155,G4351,SIMBOLAR (LAS TINAJAS
3360,Urquiza,60,U9223,GOBERNADOR COSTA
3361,Saavedra,87,P3624,COLONIA EL CATORCE
3362,Belgrano,818,B1890,RUTA 2 KILOMETRO 32 AL 36
3363,Mitre,754,Y4608,SAN VICENTE
3364,Güemes,936,E3156,TRES ESQUINAS
3365,Lavalle,710,X2550,BELL VILLE
3366,Güemes,978,Q8353,EL ALAMITO
3367,Lavalle,659,X5201,CHUÑAGUASI
3368,Tucumán,317,X5156,VILLA SUIZO ARGENTINA
3369,España,956,W3450,ALAMO (GOYA
3370,Sarmiento,842,Z9400,BELLA VISTA
3371,Dorrego,952,B8146,EL RINCON (MAYOR BURATOVICH
3372,French,327,W3461,SAN PEDRO (PERUGORRIA - DPTO. CURUZU CUATIA)
3373,Rivadavia,265,M5525,BARRIO COCUCCI
3374,Güemes,51,S2121,VILLA LYLY TALLERES (GORTON)
3375,Laprida,774,B1649,ARROYO GUAZUCITO
3376,San Martín,199,X5850,COLONIA LUQUE
3377,España,736,E3100,TIRO FEDERAL
3378,Chile,76,M5611,CALMUCO
3379,Sarmiento,827,K5331,LA ISLA (RIO COLORADO
3380,Laprida,469,B2916,HARAS EL OMBU
3381,Güemes,409,U9217,LEZAMA
3382,Laprida,625,M5590,RETAMO (LA PAZ
3383,Lavalle,743,B1876,BARRIO PASCO
3384,Moreno,963,D5753,CERRITO
3385,España,986,W3418,KILOMETRO 451 (APEADERO FCGU)
3386,Lavalle,769,D5721,PUNTOS DE AGUA
3387,Tucumán,483,Y4632,CASILLA
3388,Güemes,283,E1647,ARROYO SAGASTUME CHICO
3389,Chile,516,B1714,BARRIO VILLA ALBERDI
3390,Laprida,961,X5891,JUAN BAUTISTA ALBERDI
3391,Pueyrredón,969,E2820,PALAVECINO
3392,Tucumán,451,Y4608,VILLA ARGENTINA
3393,O'Higgins,975,B1649,CUARTELES CARABELAS
3394,Belgrano,176,G4197,SIMBOL HUASI
3395,Alsina,131,N3363,COLONIA ALICIA
3396,Urquiza,185,A4423,EL SIMBOLAR
3397,French,202,T4119,RODEO TORO
3398,French,491,X5871,BALDE DE LAS CAÑAS
3399,Belgrano,279,G5251,ALPAPUCA (SANTO DOMINGO
3400,Alsina,437,Z9303,GARMINUE
3401,Mitre,303,E3267,COLONIA SANTA ROSA
3402,Chile,374,E2821,COSTA URUGUAY
3403,Rivadavia,42,W3470,ITA-CORA
3404,French,956,B7403,FORTABAT
3405,Saavedra,155,P3624,CAMPO DEL CIELO
3406,Alberdi,618,D5707,LA PATRIA
3407,Belgrano,907,Q8318,MINA OSTIA
3408,Dorrego,494,S3070,BARRIO SAN JOSE
3409,España,689,B1649,CANAL A
3410,Tucumán,302,J5425,EL ALAMITO
3411,Saavedra,640,S2301,COLONIA FIDELA
3412,Sarmiento,286,G4334,YACASNIOJ
3413,España,899,D6216,LA RESERVA (UNION - DPTO. GOBERNADOR V. DUPUY)
3414,Chile,595,K5345,FIAMBALA
3415,Pueyrredón,774,T4158,VILLA BELGRANO
3416,Mitre,993,K4705,SANTA CRUZ (HUAYCAMA-DPTO. VALLE VIEJO)
3417,Belgrano,447,M5509,AGRELO
3418,Mitre,927,T4117,ALTO DE MEDINA
3419,Urquiza,799,G3736,ESTANCIA NUEVA ESPERANZA
3420,Dorrego,615,W3463,PASO DE MULA
3421,Alsina,923,X2415,COLONIA PALO LABRADO
3422,Alberdi,803,D5777,CHILCAS
3423,Sarmiento,429,W3222,SANTA MAGDALENA
3424,O'Higgins,492,G5257,RETIRO (RAMIREZ DE VELAZCO-DPTO.QUEBRACHOS)
3425,Tucumán,678,B7135,COMANDANTE GIRIBONE
3426,Saavedra,126,B6437,LAS TRES FLORES
3427,Alberdi,542,P3608,POTRERO NORTE
3428,Lavalle,305,W3342,SAN ALONSO
3429,San Martín,833,G4306,POLEO POZO
3430,French,801,G5253,PUNUITA SUD
3431,Saavedra,788,X5218,KILOMETRO 450 (AEPADERO FCGB)
3432,Pueyrredón,803,F5361,PLAZA VIEJA
3433,Pueyrredón,236,D5773,PASO DE LOS ALGARROBOS
3434,Güemes,704,T4122,SAUCE YACU (TAPIA DPTO. TRANCAS)
3435,Sarmiento,67,E3265,VILLA ELISA
3436,Sarmiento,624,J5425,ZAVALLA
3437,Chile,968,T4174,SAN ANTONIO (ATAHONA
3438,Güemes,53,B1602,JUAN B. JUSTO (ESTACION FCGM. FLORIDA
3439,Tucumán,881,D5771,CABEZA DEL NOVILLO
3440,Rivadavia,952,S2447,LOS SEMBRADOS
3441,Güemes,953,B1808,HARAS ARGENTINA
3442,Sarmiento,121,D5721,TAMASCANES
3443,Belgrano,833,B7005,BARKER
3444,España,961,X5281,LA PUERTA (MEDIA NARANJA-DPTO.CRUZ DEL EJE)
3445,España,144,B1757,LAFERRERE ESTAFETA No.1
3446,Belgrano,610,B6605,KILOMETRO 90 (APEADERO FCGB)
3447,Alberdi,159,X2661,ISLA VERDE (DPTO.MARCOS JUAREZ)
3448,O'Higgins,664,M5501,BARRIO LA GLORIA
3449,French,254,B6007,LA PINTA
3450,French,976,A4432,BETANIA
3451,Alsina,925,T4178,CRUZ DEL NORTE (ESTACION FCGM)
3452,Saavedra,702,S3516,PUERTO PIRACUA
3453,Alberdi,792,G4208,SANDIA HUAJCHU
3454,Urquiza,801,M5501,BARRIO LA GLORIA
3455,Mitre,31,W3342,CORONEL DESIDERIO SOSA
3456,Chile,597,T4176,LA ESPERANZA (DPTO. GRANEROS)
3457,Chile,235,E3138,ALCARAZ SEGUNDO
3458,French,176,T4137,LOS ZAZOS
3459,French,586,N3316,RUINAS DE LORETO
3460,Sarmiento,634,X5291,ESTANCIA DE GUADALUPE
3461,Belgrano,986,W3448,SAN JUAN (SAN ROQUE - DPTO. SAN ROQUE)
3462,Urquiza,451,A4141,MACHO RASTROJO
3463,Pueyrredón,661,L8212,PERU
3464,Moreno,444,B1852,BARRIO EL HORNERO
3465,Saavedra,488,W3440,BARRIO VILLA CORDOBA
3466,Dorrego,938,L8200,LOTE 22 (GRAL. ACHA
3467,Urquiza,805,X5214,LAS CHACRAS (VILLA QUILINO-DPTO.ISCHILLIN)
3468,Pueyrredón,656,B1617,BANCALARI
3469,O'Higgins,97,X5285,PIEDRA BLANCA (LA HIGUERA-DPTO.CRUZ DEL EJE)
3470,San Martín,131,B7221,FRANCISCO A. BERRA
3471,Lavalle,492,K5261,EL BARRIALITO (RAMBLONES-DPTO.LA PAZ)
3472,Mitre,831,F5361,LOS SARMIENTOS
3473,España,768,L6321,LA VIZCAINA
3474,Güemes,698,W3407,AGUAY (PASO FLORENTIN
3475,Chile,50,Q8347,SAN DEMETRIO
3476,San Martín,417,Q8315,SAN BERNARDO
3477,Mitre,505,F5357,VINCHINA
3478,Laprida,870,X5233,LOS TAJAMARES
3479,Alberdi,57,W3451,COLONIA LA CARMEN
3480,Mitre,626,G4203,ALTA GRACIA
3481,Saavedra,950,E3244,COLONIA LEVEN
3482,Moreno,910,G5257,PALO A PIQUE
3483,Sarmiento,40,W3340,SAN ANTONIO (SANTO TOME - DPTO. SANTO TOME)
3484,Rivadavia,228,R8503,CORONEL FRANCISCO SOSA (EMBARCADRO FCGR)
3485,Pueyrredón,94,K5261,SAN MIGUEL (ESQUIU-DPTO.LA PAZ)
3486,French,187,A4190,DURAZNITO
3487,Tucumán,749,X5915,CARRILOBO
3488,Urquiza,402,X5172,PIEDRAS GRANDES
3489,O'Higgins,360,D5881,CERRO DE ORO
3490,Pueyrredón,729,X5194,CAÑADA DEL MOLINO
3491,O'Higgins,340,W3306,SAN CARLOS (DPTO. ITUZAINGO)
3492,Chile,33,B7635,KILOMETRO 440
3493,Chile,224,S3569,BERNA
3494,Saavedra,276,W3403,OBRAJE DEL VASCO
3495,Belgrano,855,B7601,SIERRA DE LOS PADRES
3496,Belgrano,853,G4230,BARRIO JARDIN
3497,Rivadavia,68,G3752,NASALO
3498,French,677,G4189,GUANACUYOJ
3499,Tucumán,483,B6476,LAS JUANITAS
3500,Sarmiento,24,X5841,LA MERCANTIL
3501,Pueyrredón,574,T4158,INGENIO MARAPA
3502,Alberdi,768,L6303,COLONIA RAMON QUINTAS
3503,Pueyrredón,951,G4301,EL PORVENIR (TACANITAS
3504,Alsina,107,L6321,TELEN
3505,Sarmiento,309,D5721,LAS VIZCACHERAS (BEAZLEY
3506,Lavalle,910,J5449,RINCONES
3507,España,909,K4705,SUMALAO
3508,Urquiza,568,B7601,LAGUNA DE LOS PADRES
3509,Laprida,864,J5449,BALDE DE ASTICA
3510,Dorrego,916,K4700,CATAMARCA
3511,O'Higgins,732,B1649,ARROYO LAS NACIONES
3512,España,103,B6430,ADOLFO ALSINA
3513,Dorrego,54,G4319,TIO ALTO
3514,Sarmiento,409,B7631,HARAS NACIONAL
3515,España,103,Z9400,OCHO HERMANOS
3516,Laprida,859,N3317,BAÑADO GRANDE
3517,Urquiza,613,Z9400,ALQUINTA
3518,Alberdi,749,G4304,LOS QUEBRACHOS
3519,Saavedra,667,T4000,VILLA NUEVE DE JULIO
3520,Moreno,682,N3386,PUERTO CARAGUATAY
3521,Dorrego,73,W3485,COLONIA LA UNION
3522,O'Higgins,107,X5125,CAPILLA DE DOLORES
3523,Mitre,173,X5270,SERREZUELA
3524,España,940,X5848,SAN BERNARDO (SAN AMBROSIO-DPTO.RIO CUARTO)
3525,San Martín,969,G5251,QUEBRACHAL (LA ISLA
3526,Alsina,973,H3534,MACHAGAI
3527,Laprida,409,W3403,LOMAS DE GALARZA
3528,San Martín,96,X5107,VILLA LAS MERCEDES
3529,Urquiza,932,T4117,SANTA TERESA
3530,Chile,296,X5281,PALO LABRADO
3531,España,769,P3611,GOBERNADOR LUNA OLMOS
3532,O'Higgins,445,D5773,SANTA MARIA (GUZMAN
3533,Laprida,456,X5209,BORDO DE LOS ESPINOSA
3534,Alsina,172,R8417,EL JARDINERO
3535,Saavedra,979,R8332,ALEJANDRO STEFENELLI
3536,Güemes,185,K4231,PUESTO DE LOS MORALES
3537,Chile,637,S2456,KILOMETRO 465
3538,Sarmiento,735,S3020,BARRIO VILLA TALLERES
3539,Lavalle,913,J5424,VILLA LARGA
3540,Sarmiento,59,D5719,ALAZANAS
3541,Sarmiento,660,U9031,BAJO LA CANCHA
3542,Rivadavia,572,U9121,EL CHACAY (GAN GAN - DPTO. GASTRE)
3543,Sarmiento,644,J5449,EL CHAÑAR
3544,Sarmiento,64,D5701,EL DURAZNO
3545,Saavedra,519,D6279,ÑURILAY
3546,España,582,L6380,ZONA URBANA NORTE
3547,Alsina,57,W3448,KILOMETRO 402 (EMBARCADERO FCGU)
3548,Alsina,241,S2601,SAN FRANCISCO DE VENADO TUERTO
3549,Belgrano,559,X5203,MAJADILLA (TULUMBA-DPTO.TULUMBA)
3550,Dorrego,380,T4286,SAN JOSE (LAS CEJAS
3551,Urquiza,761,W3445,CAFARREÑO
3552,Tucumán,601,K4751,LAS MANZAS
3553,San Martín,888,B7105,SAN CLEMENTE DEL TUYU
3554,Alsina,962,A4434,LAS CUESTITAS
3555,Rivadavia,65,D5721,CRUZ DE CAÑA (TORO NEGRO
3556,Alberdi,305,P3600,MONTE AGUDO
3557,España,313,Y4612,CENTRO FORESTAL
3558,Dorrego,730,X6121,COLONIA VALLE GRANDE
3559,Rivadavia,140,Y4643,RINCONADA
3560,Saavedra,467,G4200,LAS CEJAS (SGO. DEL ESTERO
3561,Sarmiento,642,S3516,CAMPO VERGE
3562,San Martín,138,N3300,BARRIO SAN CAYETANO
3563,Urquiza,926,G3745,PATAY
3564,French,509,A4419,LA PAYA
3565,Sarmiento,350,Y4641,SAN FRANCISCO DE ALFARCITO
3566,Moreno,143,A4644,VALLECITO
3567,Sarmiento,661,W3405,TALATY
3568,Belgrano,72,R8422,LOS JUNCOS (APEADERO FCGR) (MAQUINCHAO
3569,Urquiza,897,F5276,VERDE OLIVO
3570,O'Higgins,425,M5613,EL CHACAY (APEADERO FCGSM)
3571,French,420,W3423,COSTA DEL BATEL
3572,Güemes,329,X5187,BOSQUE ALEGRE
3573,España,823,B7260,LA CAMPANA (SALADILLO
3574,Mitre,524,B1984,DOMSELAAR
3575,San Martín,674,B8150,LA SIRENA
3576,Güemes,157,X5885,ALTO RESBALOSO
3577,Sarmiento,991,J5401,HILARIO
3578,Mitre,47,G4304,LOS TUNALES
3579,San Martín,862,L6381,TENIENTE GRAL. EMILIO MITRE
3580,French,522,A4421,SAUCE ALEGRE
3581,Tucumán,291,M5582,ALTO VERDE (DPTO. JUNIN)
3582,Güemes,195,J5419,LAS LAJAS
3583,Dorrego,695,H3514,KILOMETRO 34 (EMBARCADRO FCGB-LAPACHITO-PDO.GRAL.DONOVAN)
3584,Alsina,863,M5636,LA MORA
3585,Moreno,699,G4203,CONZO
3586,Urquiza,274,B8185,LA ZULEMA
3587,Laprida,63,U9007,PAMPA SALAMANCA
3588,Chile,799,G3747,YUNTA POZO
3589,Tucumán,721,N3364,PINDAYTI
3590,Alberdi,567,W3476,MARIA IDALINA
3591,Pueyrredón,548,S2255,RIGBY
3592,Alberdi,953,B6476,PUEBLO VILLA SAN ESTEBAN
3593,Alberdi,349,L6354,LAS GAVIOTAS
3594,Laprida,350,G4238,AHI VEREMOS (GUASAYAN
3595,Lavalle,555,X5295,LA ESQUINA (SALSACATE-DPTO.POCHO)
3596,O'Higgins,644,B7505,SAN FRANCISCO DE BELLOCQ
3597,Alsina,494,X5249,CORRAL DEL REY
3598,Alsina,430,T4119,PIEDRA BLANCA
3599,Sarmiento,838,P3606,ESTANCIA EL CIERVO
3600,French,321,B1894,DOCTOR RICARDO LEVENE
3601,Mitre,91,B1617,BARRIO ENRIQUE DELFINO
3602,Rivadavia,970,X5162,CASA GRANDE
3603,San Martín,645,S2400,BARRIO SAN LUIS
3604,O'Higgins,418,Z9313,FARO CABO GUARDIAN
3605,Moreno,667,X5107,LOS CIGARRALES
3606,Alberdi,86,W3460,PASO ANCHO
3607,España,112,G4350,DOS HERMANOS
3608,Chile,848,X5285,AGUA DE LAS ASTAS
3609,Sarmiento,974,E3206,COLONIA GUALEGUAYCITO
3610,Urquiza,944,X5101,COSME
3611,Moreno,253,B7545,HUANGUELEN
3612,Alberdi,147,W3342,KILOMETRO 517 (APEADERO FCGU)
3613,Moreno,469,M5533,LAVALLE
3614,Urquiza,936,B1649,ARROYO LAS PIEDRAS
3615,Mitre,41,D5753,EL BALDECITO
3616,Chile,504,K4715,EL RODEO
3617,Mitre,668,T4111,LOS CAMPEROS
3618,San Martín,671,R8412,CASA QUEMADA
3619,Alberdi,129,B6725,CARMEN DE ARECO
3620,España,398,B1981,GOBERNADOR OBLIGADO
3621,Mitre,954,S2622,MAGGIOLO
3622,Saavedra,806,B7400,CALERA AVELLANEDA (DESVIO PARTICULAR FCGR.)
3623,Tucumán,794,X5847,COLONIA DEAN FUNES
3624,San Martín,74,K5261,MOTEGASTA
3625,Tucumán,120,G4233,SANTA LUCIA (CHOYA-DPTO.CHOYA)
3626,San Martín,605,B2801,ALTO VERDE
3627,Urquiza,885,B6627,LA VICTORIA (DESVIO)
3628,Belgrano,823,D5755,ALTO DEL MOLLE
3629,Pueyrredón,926,Y4653,CERRILLOS
3630,Rivadavia,306,P3610,ISLA DE PUEN
3631,Rivadavia,605,G4301,QUEBRACHO YACU
3632,Saavedra,573,G4326,CONSUIÑOJ
3633,Tucumán,274,Z9051,ESTANCIA AGUADA LA OVEJA
3634,Alsina,487,B1649,ARROYO RAMA NEGRA
3635,Lavalle,700,G5250,CAÑADA DE LA CRUZ
3636,French,364,U9201,EL KAQUEL
3637,Dorrego,393,G4206,SAN ANDRES (NUEVA FRANCIA
3638,Mitre,643,N3315,LEANDRO N. ALEM
3639,Pueyrredón,118,Q8319,PUESTO HERNANDEZ (BATERIAS DE Y.P.F.)
3640,French,420,G3760,PUNI TAJO
3641,Alsina,163,W3470,BARRIO TABLADA
3642,Sarmiento,608,Q8347,EL ATRAVESADO
3643,Rivadavia,238,U9210,EL CHACAY (EL MAITEN - DPTO. CUSHAMEN)
3644,O'Higgins,666,B2903,LOPEZ ARIAS
3645,Mitre,243,M5560,TUNUYAN
3646,Moreno,964,W3340,CASUALIDAD (SANTO TOME
3647,Urquiza,858,J5449,BALDECITO DEL MORADO
3648,Alsina,323,T4178,PALMAS REDONDAS
3649,Rivadavia,675,G4201,PUESTO DE DIAZ (HOYON
3650,Moreno,608,M5613,CAÑADA COLORADA
3651,Saavedra,347,S2300,BARRIO VILLA ROSA
3652,Belgrano,410,A4452,TOLLOCHE
3653,Saavedra,634,S2242,BARRIO CAIMA
3654,Sarmiento,55,G5251,RETIRO (LA ISLA-DPTO.OJO DE AGUA)
3655,Lavalle,921,B7135,KILOMETRO 158 (APEADERO FCGR.)
3656,Güemes,256,D5773,LA MESILLA
3657,Saavedra,267,L6321,LA CATALINA (TELEN
3658,Mitre,613,W3446,KILOMETRO 374 (APEADERO FCGU)
3659,Belgrano,708,B6607,ESTEBAN DIAZ
3660,Güemes,184,A4434,PALOMITAS
3661,Laprida,344,Q8373,CERRO DE LOS PINOS
3662,Alsina,75,M5592,EL COLORADO
3663,Belgrano,121,X5147,VILLA TRANQUILIDAD
3664,Mitre,210,B1832,LOMAS DE ZAMORA ESTAFETA No.6
3665,Dorrego,237,G4321,CERRILLOS (LOS TELARES
3666,San Martín,949,S3009,EL TROPEZON
3667,Alsina,148,L6301,COLONIA SAN VICTORIO
3668,Rivadavia,398,X5149,CASSAFFOUSTH (ESTACION FCGB)
3669,Moreno,105,R8332,LA BALSA
3670,French,953,S2255,SAN MARTIN DE TOURS
3671,Pueyrredón,238,W3423,SAN AGUSTIN (CONCEPCION
3672,España,99,D5701,LOS TAPIALES
3673,Tucumán,214,Z9301,PIEDRA CLAVADA (TRES LAGOS
3674,Lavalle,753,D5709,BAÑADITO VIEJO
3675,Tucumán,560,G5255,SAN FRANCISCO (CNEL.FERNANDEZ
3676,Alsina,433,E3204,KILOMETRO 37 (FCGU)
3677,O'Higgins,651,D5773,LOS CONDORES
3678,Saavedra,219,G4319,TIO ALTO
3679,España,409,B1636,LA LUCILA
3680,España,553,W3414,YAGUA ROCAU
3681,Saavedra,368,B1872,SARANDI ESTAFETA Nº1
3682,Saavedra,579,X5174,PIEDRAS BLANCAS
3683,Laprida,182,E3103,SANATORIO ADVENTISTA DEL PLATA
3684,O'Higgins,581,B7135,CUARTEL 8o.
3685,Alsina,458,S2248,PUEBLO IRIGOYEN
3686,Mitre,323,D5701,LOS PUQUIOS
3687,French,608,A4405,EL DORADO
3688,Belgrano,315,A4421,LA BODEGUITA
3689,Chile,966,T4178,SAN MIGUEL (DPTO. CRUZ ALTA)
3690,España,310,D5738,LA TULA
3691,Pueyrredón,638,X6273,MODESTINO PIZARRO
3692,Alberdi,642,H3514,LA VERDE
3693,Chile,336,H3500,TIGRE
3694,French,56,A4423,SANTA ROSA (CHICOANA - DPTO. CHICOANA)
3695,Urquiza,158,B1713,BARRIO PUENTE ROCA
3696,O'Higgins,833,G4208,SAN GEGORIO (LORETO
3697,España,956,A4415,AGUA NEGRA
3698,Rivadavia,239,A4423,PEDREGAL
3699,O'Higgins,896,D5753,SAUCE
3700,España,346,A4193,LA FIRMEZA
3701,San Martín,90,B2805,ARROYO EL AHOGADO
3702,Laprida,76,S2117,LA PERSEVERANCIA
3703,Laprida,329,J5405,PACHACO
3704,Güemes,961,W3405,LA FLECHA (EMBARCADERO FCGU)
3705,Lavalle,845,X5117,ALTO FRESCO
3706,Dorrego,722,N3350,CHIRIMAY
3707,Moreno,306,B1649,ARROYO VEINTICINCO DE NOVIEMBRE
3708,French,100,T4124,LA BANDA (SAN PEDRO DE COLALAO
3709,Laprida,121,S2918,PAVON
3710,Dorrego,347,L8200,LOTE 10
3711,Mitre,995,D5709,SANTA RUFINA
3712,Belgrano,797,P3634,FORTIN MEDIA LUNA
3713,O'Higgins,362,B8109,DESVIO SANDRINI
3714,O'Higgins,124,T4111,LOS VILLAGRA
3715,Urquiza,136,W3302,LAS ANIMAS
3716,Güemes,766,X5000,BARRIO PARQUE LICEO
3717,Lavalle,477,G3749,RIVADAVIA (EL SIMBOL
3718,Urquiza,468,T4178,BLANCO POZO
3719,Tucumán,529,G4313,BREA POZO
3720,Mitre,397,N3300,BARRIO ROCAMORA
3721,Rivadavia,780,D5771,CABEZA DEL NOVILLO
3722,Tucumán,954,W3448,ROLON CUE
3723,Güemes,195,H3540,LOTE 10
3724,San Martín,539,B1881,CAMINO GRAL.BELGRANO (KM.14 AL 17
3725,French,727,D5703,EL BAGUAL
3726,Saavedra,854,S3555,LAS PALMAS
3727,Urquiza,736,X2436,PLAZA BRUNO
3728,Mitre,748,B8508,AMBROSIO P. LEZICA
3729,Güemes,231,G4197,EL QUEMADO (DPTO. PELLEGRINI)
3730,España,251,S3021,EL GALPON
3731,España,477,X2417,PRESIDENTE FIGUEROA ALCORTA
3732,Lavalle,694,E3181,PUNTAS DE MOREIRA
3733,Urquiza,887,S3081,CAVOUR
3734,Moreno,451,L8201,CERRO BAYO
3735,Chile,933,T4174,LOS MENDOZAS
3736,Alsina,256,D5719,SAN ISIDRO (DPTO. BELGRANO)
3737,Laprida,435,P3632,JUAN G. BAZAN
3738,Lavalle,296,R8521,ARROYO TEMBRADO
3739,Tucumán,601,W3423,COLONIA LA HABANA
3740,O'Higgins,779,K4726,EL CARRIZAL (SAN PEDRO
3741,Laprida,42,E3269,KILOMETRO 311 (APEADERO FCGU
3742,Alberdi,792,B6244,BANDERALO
3743,San Martín,161,T4129,SAN JENARO
3744,Pueyrredón,647,D5701,EL CERRO DE PIEDRA
3745,Dorrego,436,E2820,LA ZELMIRA
3746,España,449,D5705,AGUA HEDIONDA
3747,Rivadavia,383,S2000,BARRIO BELGRANO (ROSARIO
3748,Laprida,285,B1852,BURZACO
3749,Moreno,72,W3234,RINCON DEL YAGUARY (SAN ANTONIO
3750,Alsina,45,B1649,LAGUNA DE LA BARCA
3751,Chile,204,B6042,IRIARTE
3752,San Martín,568,T4149,LAS ANIMAS (ALPACHIRI
3753,Sarmiento,142,A4427,SAN CARLOS
3754,Güemes,325,G4301,SAN JOSE DEL BOQUERON
3755,Mitre,328,L6321,SAN JOSE (TELEN
3756,Belgrano,766,S2607,VILLA CAÑAS
3757,Güemes,251,X5870,NICHO
3758,Dorrego,382,P3600,CAPILLA SAN ANTONIO
3759,Lavalle,571,D5773,VIEJA ESTANCIA
3760,Belgrano,963,G2357,EL HUAICO
3761,España,166,J5409,COYON
3762,Belgrano,576,X5282,LOS PAREDONES (APEADERO FCGB)
3763,Pueyrredón,528,W3222,MIRA FLORES (JUAN PUJOL
3764,Mitre,764,D5701,ANTIHUASI
3765,San Martín,996,G4296,CARDOZOS
3766,Urquiza,134,X5249,LOS JUSTES
3767,Saavedra,448,B6241,GONDRA
3768,French,487,H3706,EL CATORCE
3769,Rivadavia,864,Q8309,VISTA ALEGRE NORTE
3770,Rivadavia,797,D5738,LA ELIA
3771,Sarmiento,484,X2659,MATACOS
3772,Rivadavia,887,E3241,LUCAS SUD
3773,Saavedra,40,B1888,FLORENCIO VARELA ESTAFETA No.6
3774,Lavalle,212,J5413,CHIMBAS
3775,Alsina,765,G3054,LA PANCHITA
3776,San Martín,373,G4201,CHAUCHILLAS
3777,Lavalle,57,X5131,COLONIA HOLANDESA
3778,Rivadavia,627,H3530,REDUCCION NAPALPI
3779,Saavedra,403,D5759,NASCHEL VIEJO
3780,Saavedra,930,D5711,REPRESA DEL MONTE
3781,España,451,D5835,CHAÑARES (VILLA DEL CARMEN
3782,Tucumán,196,Y4650,LA CIENAGA (LA QUIACA - DPTO. YAVI)
3783,Moreno,610,E3206,BIZCOCHO
3784,Lavalle,427,B1888,BARRIO SAN NICOLAS
3785,Laprida,806,B6561,BLANCAGRANDE
3786,French,305,K4700,VILLA CUBAS
3787,French,280,T4141,LOS CHAÑARES
3788,Sarmiento,447,M5635,KILOMETRO 43
3789,O'Higgins,43,B2812,PAVON
3790,Urquiza,352,B7116,MONASTERIO
3791,España,884,B6058,PAZOS KANKI
3792,O'Higgins,135,F5276,EL CHUSCO
3793,Urquiza,754,Q8316,CHINA MUERTA
3794,Laprida,696,L6205,INGENIERO LUIGGI
3795,Urquiza,311,A4432,LA OLIVA
3796,Alberdi,437,B6708,DOCTOR DOMINGO CABRED
3797,San Martín,120,X5131,PUESTO DE LA OVEJA
3798,Belgrano,751,R8520,JAGUEL CAMPO MONTE
3799,Saavedra,573,N3351,LOTE 117 (ESCUELA 121)
3800,O'Higgins,208,X6225,BURMEISTER (APEADERO FCGSM)
3801,Saavedra,563,B7600,MAR DEL PLATA ESTAFETA No.27
3802,Urquiza,430,Y4641,RACHAITE
3803,Dorrego,351,W3302,LOMA POY
3804,Belgrano,395,G5255,EL ALGARROBO
3805,Mitre,787,K5331,LOS GONZALES
3806,Urquiza,143,B1640,MARTINEZ ESTAFETA No.5
3807,Urquiza,718,E3181,PASO DUARTE
3808,Tucumán,979,B6628,CORONEL SEGUI
3809,Saavedra,177,H3516,COLONIA TACUARI
3810,Chile,419,D5703,EL ESPINILLO (VILLA GRAL. ROCA
3811,Moreno,279,D5755,LA ELVIRA (SAN MARTIN - DPTO. SAN MARTIN)
3812,Moreno,700,E3246,COLONIA SAN MANUEL
3813,Rivadavia,957,B2741,LAS CUATRO PUERTAS
3814,Laprida,315,F5301,LAS SIERRAS BRAVAS
3815,Laprida,748,X5201,LAS AGUADITAS
3816,Tucumán,753,G4313,MAJADAS
3817,Dorrego,883,Q8373,CHINCHINA
3818,Güemes,647,X2436,LA REPRESA (EMBARCADERO FCGB)
3819,Dorrego,213,P3610,ISLA DE PUEN
3820,French,765,X5893,TASMA
3821,Lavalle,351,G5255,EL BORDITO
3822,French,905,B6409,PEHUELCHES
3823,Urquiza,998,M5577,EL ALTO
3824,Rivadavia,66,B1888,CAMINO GRAL.BELGRANO (KM.17
3825,Rivadavia,570,T4178,COHIGAC
3826,Saavedra,368,S2253,SAN EUGENIO
3827,España,692,B6437,LA GREGORIA
3828,Mitre,613,E3126,PUEBLO BRUGO
3829,French,532,X5815,MEDANOS
3830,Alsina,164,L6213,PARERA
3831,Moreno,55,T4157,LA TAPIA
3832,Laprida,592,X2675,CHAZON
3833,French,88,P3636,SANTA TERESA
3834,Mitre,650,B7620,HARAS OJO DE AGUA
3835,Tucumán,76,E3190,SARANDI-CORA
3836,O'Higgins,678,D5831,BOCA DEL RIO
3837,Sarmiento,574,D5730,EL DIQUE
3838,O'Higgins,312,W3427,SAN LORENZO (MBURUCUYA - DPTO. MBURUCUYA)
3839,Mitre,67,B7613,NAHUEL RUCA
3840,Laprida,39,S2303,ANGELICA
3841,Lavalle,932,P3615,GENERAL JULIO DE VEDIA
3842,Pueyrredón,866,G5257,SANTA ROSA (RAMIREZ DE VELAZCO-DPTO.QUEBRACHOS)
3843,Moreno,676,Y4631,CASPALA
3844,Tucumán,800,B7228,ABBOTT
3845,Sarmiento,913,T4137,LA LAGUNITA
3846,Rivadavia,861,D5773,LA MESILLA
3847,Pueyrredón,955,G3712,EL PERSEGUIDO
3848,Alberdi,253,E3269,HAMBIS
3849,Saavedra,297,G2341,COLONIA ALPINA
3850,Laprida,939,E3153,PASO DEL ABRA
3851,Pueyrredón,833,J5435,LAGUNA DEL ROSARIO
3852,Laprida,511,E2840,PUERTO BARRILES
3853,Moreno,365,B1905,KILOMETRO 82 (APEADERO FCGR.
3854,Alberdi,449,P3608,EL ÑANDU
3855,Dorrego,467,M5553,COLONIA ITALIANA
3856,Sarmiento,907,G4338,CLODOMIRA
3857,Laprida,697,D5771,LAS AGUADAS
3858,Mitre,189,B1929,BASE NAVAL RIO SANTIAGO
3859,España,125,B1665,JOSE C. PAZ ESTAFETA No.5
3860,Alberdi,802,E3246,PUEBLO DOMINGUEZ
3861,Chile,566,Q8353,CURU LEUVU
3862,Alberdi,942,X5248,BALBUENA
3863,Rivadavia,895,W3403,CAMPO GRANDE
3864,Mitre,419,P3626,COLONIA UNION ESCUELA
3865,Laprida,807,T4122,SIMBOLAR
3866,O'Higgins,296,B6000,JUNIN ESTAFETA No.1
3867,San Martín,419,F5300,BARRIO GENERAL SAN MARTIN
3868,Alsina,803,S2246,ARROCERA BARRANCAS
3869,Belgrano,158,G4220,CAÑADA DE LA COSTA
3870,Alsina,666,T4178,CAÑETE
3871,Belgrano,627,X5284,MANDALA
3872,Rivadavia,138,Z9400,CAP
3873,Laprida,125,L6325,NAICO
3874,Saavedra,115,M5500,BARRIO SANIDAD
3875,Alberdi,173,X5947,POZO DEL AVESTRUZ
3876,O'Higgins,703,G4301,MANGA BAJADA
3877,España,832,B6605,NAVARRO
3878,Alberdi,614,G4308,SANTA INES
3879,Sarmiento,314,K4722,LOS PINTADOS
3880,Tucumán,186,G4230,PUERTA DE LAS PIEDRAS
3881,Güemes,866,B6508,EMILIO LAMARCA
3882,Moreno,450,G5255,LOS REMANSOS
3883,O'Higgins,209,N3306,SAN JOSE
3884,Saavedra,67,S2451,COLONIA SANTA ANITA
3885,Moreno,349,S2115,COLONIA VALDEZ
3886,Mitre,69,L6354,SAN JOSE (URIBURU
3887,Güemes,508,D6279,LA ESPERANZA (BATAVIA - DPTO. GOBERNADOR V. DUPUY)
3888,Alsina,253,G4206,EL MARNE
3889,Sarmiento,771,B8134,COLONIA OCAMPO
3890,Rivadavia,465,D5831,SAN ALEJANDRO
3891,Tucumán,625,A4531,ISLA DE CAÑAS
3892,Lavalle,914,Q8347,PICHE PONON
3893,Sarmiento,778,B6553,LA TORRECITA
3894,French,758,X5295,EL POTRERO (SALSACATE
3895,Laprida,78,D5719,SAN PEDRO (DPTO. BELGRANO)
3896,Saavedra,576,R8328,CONTRALMIRANTE MARTIN GUERRICO
3897,Tucumán,900,U9033,ARROYO GATO
3898,O'Higgins,170,A4535,SANTO DOMINGO (RIVADAVIA
3899,Dorrego,444,N3300,BARRIO LA PICADA
3900,Laprida,499,N3350,CHIRIMAY
3901,Saavedra,694,B1900,LA PLATA ESTAFETA No.16
3902,Lavalle,869,Y4606,LA OVEJERIA
3903,Belgrano,602,D6277,LA DULCE (BUENA ESPERANZA
3904,San Martín,50,Z9400,LUBECKE
3905,España,462,X5131,ESTANCIA EL CARMEN
3906,Lavalle,335,X2424,EL TRABAJO
3907,Urquiza,963,F5301,PINCHAS
3908,Tucumán,376,K4139,EL ZARZO
3909,Sarmiento,481,G4238,POZO CEBADO (SAN PEDRO
3910,Chile,26,S3046,PAIKIN
3911,Alsina,260,W3480,LA LOMA (ITA-IBATE
3912,O'Higgins,845,B1765,BARRIO SAN MIGUEL
3913,España,649,Y4643,TIO MAYO
3914,San Martín,601,F5361,CHAÑARMUYO
3915,Moreno,173,K5139,CAMPITOS
3916,Güemes,169,B7600,MAR DEL PLATA ESTAFETA No.8
3917,Pueyrredón,421,R8336,VILLA ALBERDI
3918,O'Higgins,822,U9200,ARROYO PESCADO
3919,Saavedra,815,X5009,BARRIO ATLANTICO
3920,Dorrego,741,X5887,PASO LAS TROPAS
3921,Tucumán,802,B2764,CAMPO LA NENA
3922,O'Higgins,665,E2840,EL REMANCE
3923,Sarmiento,887,A4552,SENDA HACHADA (ESTACION FCGB)
3924,Moreno,877,T4141,EL ARBOLAR
3925,Saavedra,295,Y4632,LA CUEVA
3926,Sarmiento,495,E3151,LOS ANGELES
3927,Dorrego,431,Q8373,AUCA PAN
3928,Alberdi,534,Q8347,MALLIN DEL RUBIO
3929,Mitre,382,X5925,LA PALESTINA
3930,Saavedra,285,R8307,COLONIA CATRIEL
3931,España,971,W3427,SANTA ANA (MBURUCUYA-DPTO.MBURUCUYA)
3932,España,883,E3254,COLONIA SAN ERNESTO
3933,Laprida,155,B1752,LOMAS DEL MIRADOR ESTAFETA No.1
3934,Pueyrredón,548,Y4512,PUEBLO NUEVO
3935,Belgrano,553,B7623,CAMPO LA PLATA
3936,Chile,852,H3722,EL TRIANGULO
3937,Lavalle,565,L6323,COLONIA BUTALO
3938,Pueyrredón,795,A4190,LOS POCITOS
3939,Güemes,877,S3023,MANUCHO
3940,Laprida,106,X5189,LA SERRANITA
3941,Laprida,758,W3463,LA LEONOR
3942,Chile,861,F5272,KILOMETRO 619
3943,French,868,W3344,SANTA ISABEL (TORRENT-DPTO.GRAL.ALVEAR)
3944,Güemes,939,L6326,LA CAROLA
3945,Dorrego,527,S3061,SAN BERNARDO
3946,Sarmiento,519,G4324,YALAN (GARZA
3947,Urquiza,484,E3260,PUERTO VIEJO (CONCEPCION DEL URUGUAY
3948,Belgrano,739,U9007,VISSER
3949,Chile,236,S3060,ESTACION LA CIGUEÑA
3950,Belgrano,821,L6309,SANTA ANA
3951,Laprida,308,N3327,LOTE 25 (ESCUELA 99)
3952,Belgrano,230,D6216,RANQUELCO
3953,Urquiza,68,P3611,ISLA CARAYA
3954,Belgrano,789,L6325,QUEHUE
3955,Alsina,708,T4176,LA MADRID
3956,Sarmiento,125,W3226,SAN GREGORIO (MOCORETA - DPTO. MONTE CASEROS)
3957,Alsina,292,X5859,LA CRUZ (DPTO.CALAMUCHITA)
3958,Moreno,618,X5137,LOS AVILES
3959,O'Higgins,226,G3749,EL CORRIDO
3960,Chile,651,M5565,MELOCOTON
3961,Chile,937,G5251,EL CERRO
3962,Rivadavia,321,K5341,EL CACHIYUYO
3963,Rivadavia,792,D5736,COMANDANTE GRANVILLE
3964,España,201,E2840,HOJAS ANCHAS
3965,Tucumán,993,W3450,ROLON JACINTO
3966,Moreno,837,H3540,LOTE 10
3967,Lavalle,93,G5255,TACO POZO (DPTO. QUEBRACHOS)
3968,O'Higgins,167,M5543,HORNOS DEL MOYANO
3969,Pueyrredón,144,M5598,PAMPITA (EMBARCADERO FCGSM)
3970,Belgrano,669,B7153,LA CONSTANCIA
3971,French,460,H3732,GENERAL PINEDO
3972,Güemes,350,D5738,EL MANGRULLO (APEADERO FCGSM)
3973,Dorrego,900,H3706,AVIA TERAI
3974,Moreno,176,Y4641,AGUA CALIENTE DE LA PUNA
3975,Laprida,415,N3355,SANTA MARIA LA MAYOR
3976,Saavedra,350,G4208,CHUÑA ALBARDON
3977,España,591,X5203,EL MOTIVO
3978,O'Higgins,269,B7400,BARRIO JARDIN (OLAVARRIA
3979,Alsina,838,T4117,GUZMAN (ESTACION FCGB)
3980,Rivadavia,983,G4230,CHAÑAR LAGUNA
3981,España,851,B6533,CORONEL MARTINEZ DE HOZ
3982,San Martín,941,X5909,SANTA ROSA (ARROYO ALGODON-DPTO.GRAL.SAN MARTIN)
3983,Mitre,586,K4235,PUEBLITO
3984,San Martín,89,X5221,MULA MUERTA
3985,Pueyrredón,535,D6279,LA HORTENSIA
3986,Moreno,897,L6212,ADOLFO VAN PRAET
3987,Güemes,394,S2103,CORONEL BOGADO
3988,Dorrego,280,G3062,LA SANTAFECINA
3989,España,544,E2823,ARROYO SANCHEZ GRANDE
3990,Lavalle,390,X5212,PEDERNALES
3991,España,323,K4711,EL POLEAR (LOS CASTILLOS
3992,Mitre,747,Z9051,ESTANCIA EL CHARA
3993,Alberdi,927,K5315,EL PAJONAL
3994,Alsina,86,G4201,POCITOS
3995,Rivadavia,323,D6216,COLONIA URDANIZ
3996,Mitre,189,X5123,VILLA POSSE
3997,Sarmiento,764,B1759,GONZALEZ CATAN ESTAFETA No.3
3998,Tucumán,389,J5463,LA CIENAGA
3999,Lavalle,793,X5137,PLAZA DE MERCEDES
4000,Urquiza,741,K4701,LOS CISTERNAS
4001,Urquiza,871,B8185,COLONIA SAPIN
4002,Laprida,66,S2301,CORONEL FRAGA
4003,Moreno,663,Z9405,EL MOSQUITO
4004,Güemes,437,X2413,COLONIA PRODAMONTE
4005,Pueyrredón,678,B1613,BARRIO EL OMBU (LOS POLVORINES
4006,Alsina,419,T4101,ESTACION EXPERIMENTAL AGRICOLA
4007,Saavedra,369,S3589,OBRAJE SAN JUAN
4008,Alberdi,329,E2805,COLONIA DELTA
4009,Moreno,269,L6352,COLONIA SAN MIGUEL
4010,Saavedra,731,X5201,LA MAJADILLA
4011,French,590,Z9051,EL POLVORIN
4012,Tucumán,665,X5184,AGUILA BLANCA
4013,Lavalle,927,B1649,CANAL DOS
4014,Laprida,488,M5507,CALLE TERRADA
4015,Tucumán,952,G3714,FIERRO
4016,Pueyrredón,347,A4530,TRES POZOS (SAN RAMON DE LA NUEVA ORAN - DPTO. ORAN)
4017,Alsina,800,B1761,20 DE JUNIO
4018,Alsina,796,X5137,LAS SALADAS
4019,O'Higgins,840,K4723,QUIMILPA
4020,Alberdi,226,T4174,RODEO GRANDE (CHICLIGASTA
4021,Mitre,435,X5281,LA LILIA
4022,Dorrego,193,B7521,LAS GAVIOTAS
4023,Dorrego,635,D5736,LA ADELA
4024,Mitre,690,T4117,CHAÑAR VIA
4025,French,65,B2915,RAMALLO
4026,Moreno,155,W3414,ITATI
4027,Mitre,300,T4178,SAN IGNACIO (GDOR. GARMENDIA
4028,Lavalle,389,X2413,COLONIA ANITA
4029,Chile,490,E1647,ARROYO DE LA ROSA
4030,Urquiza,853,K4715,LA PIEDRA
4031,O'Higgins,792,W3400,PARQUE SAN MARTIN
4032,Alberdi,349,X5282,SAN SALVADOR (CHARBONIER-DPTO.PUNILLA)
4033,Moreno,952,G4201,SAN ANTONIO (CAÑADA DEL MEDIO
4034,España,724,G4313,BARRANCAS (VILLA NUEVA
4035,España,81,G4203,PAMPA MUYOJ (VIZCACHERAL
4036,O'Higgins,634,K4700,LA CHACARITA DE LOS PADRES
4037,Alberdi,282,G4225,BAUMAN
4038,French,825,P3626,COLONIA SANTA ROSA
4039,Sarmiento,898,K4235,EL EMPALME
4040,Mitre,411,N3384,MACACO
4041,Urquiza,572,E3174,HIPODROMO
4042,Lavalle,860,R8415,CHACOY (BRACA)
4043,Dorrego,101,B1669,DEL VISO ESTAFETA No.1
4044,Rivadavia,707,W3461,PALMITAS
4045,Dorrego,933,A4419,VOLCAN AZUFRE
4046,Chile,471,Q8349,CHOCHOY MALLIN
4047,Belgrano,871,X5184,CORIMAYO
4048,San Martín,985,H3514,RIO ARAZA
4049,San Martín,894,N3361,YERBAL VIEJO SECCION 5
4050,Urquiza,176,S3061,SAN BERNARDO
4051,Mitre,849,E3187,CHIRCALITO
4052,Tucumán,880,K5260,PUESTO DE FADEL O DE LOBO
4053,Alberdi,206,R8417,LA ESTRELLA
4054,Saavedra,824,X5281,ESQUINA DEL ALAMBRE
4055,Güemes,802,S3551,LA SELVA
4056,Belgrano,501,H3543,LOTE 25
4057,San Martín,348,K4139,EL ARROYO
4058,España,333,G5255,LAGUNITAS
4059,Alberdi,294,W3407,COLONIA SAN MARTIN
4060,España,267,B1834,TEMPERLEY ESTAFETA Nº2
4061,Mitre,292,A4403,LA FALDA (CERRILLOS - DPTO. CERRILLOS)
4062,O'Higgins,564,B7109,MAR DE AJO
4063,San Martín,927,G4336,SIMBOL CAÑADA
4064,Güemes,863,D5701,EL AMPARO
4065,San Martín,378,A4452,KILOMETRO 1152 (APEADERO FCGB)
4066,Chile,21,U9227,PASTO BLANCO
4067,Belgrano,857,G5251,ANCOCHE
4068,Sarmiento,20,B7541,D'ORBIGNY
4069,España,904,K4711,ISLA LARGA
4070,San Martín,789,R8418,EMPALME KILOMETRO 648 (APEADERO FCGR)
4071,Laprida,526,W3197,RINCON DE SARANDY
4072,Mitre,400,B2754,SAN RAMON (VIÑA
4073,Chile,800,U9227,ESTANCIA NUEVA LUBECKA
4074,Sarmiento,278,E2823,PUENTE ÑANCAY
4075,Laprida,607,R8430,COSTA DEL RIO AZUL
4076,Dorrego,173,B6451,MARUCHA (ESTACION FCGM)
4077,Alberdi,711,B1657,PABLO PODESTA ESTAFETA Nº1
4078,Laprida,915,A4190,VILLA AURELIA
4079,French,215,B1759,BARRIO EL DORADO (GONZALEZ CATAN
4080,Alberdi,257,B1824,GERLI (PDO. LANUS)
4081,Mitre,527,F5381,CORTADERAS
4082,Rivadavia,912,B2720,COLON
4083,Lavalle,408,Y4644,ESCAYA
4084,Rivadavia,835,U9121,BAJO LAS DAMAJUANAS
4085,Rivadavia,796,X2670,COLONIA CHACABUCO
4086,Mitre,860,L6352,EL DESCANSO (LONQUIMAY
4087,French,562,N3322,PUERTO YEBEBIRI
4088,O'Higgins,844,W3440,COLONIA SAN JOSE
4089,French,611,A4190,POTRERILLO (R. DE LA FRONTERA
4090,España,682,X5149,SAN ROQUE (SAN ROQUE DE PUNILLA-DPTO.PUNILLA)
4091,Rivadavia,388,F5473,SIEMPRE VERDE
4092,Pueyrredón,329,G2354,COLONIA LA VICTORIA
4093,San Martín,483,X5008,BARRIO POETA LUGONES
4094,Rivadavia,766,D5711,BAJADA
4095,Güemes,1000,X5166,LAS MANZANAS (COSQUIN-DPTO.PUNILLA)
4096,Tucumán,771,B1649,ARROYO EDUARDO
4097,Tucumán,167,E3187,LA ESMERALDA
4098,España,542,G4300,NUEVA TRINIDAD (LA BANDA
4099,French,777,B7200,LAS FLORES ESTAFETA No.1
4100,Güemes,254,N3364,CAPITAN ANTONIO MORALES
4101,Saavedra,256,F5385,TASQUIN
4102,Belgrano,331,K5317,APUYACO
4103,Laprida,863,X5209,JUME
4104,Alberdi,546,U9111,BUSTAMANTE
4105,Saavedra,956,A4425,CERRO ALEMANIA
4106,Dorrego,974,F5300,BARRIO 3 DE FEBRERO
4107,Alberdi,103,G5253,PALOMAR (SUMAMPA
4108,Urquiza,816,G4350,EL QUEMADO (SUNCHO CORRAL
4109,Alberdi,21,B6451,NUEVA PLATA
4110,Rivadavia,271,W3222,KILOMETRO 120 (APEADERO FCGU)
4111,Laprida,118,S3607,LAS ENCADENADAS
4112,Rivadavia,227,S2246,BARRANCAS
4113,Laprida,858,J5442,CALIBAR (APEADERO FCGB)
4114,Rivadavia,98,Y4608,LA UNION
4115,Güemes,132,X5212,LA TUNA (LOS POZOS-DPTO.ISCHILLIN)
4116,Alberdi,781,K5263,BALDE NUEVO
4117,Sarmiento,323,Y4650,ABRA DE PEÑAS
4118,Güemes,828,K4139,PALOMA YACO
4119,Belgrano,901,G5250,LOMA COLORADA
4120,Saavedra,748,B6400,MARI LAUQUEN
4121,San Martín,395,E3206,KILOMETRO 47 (APEADERO FCGU)
4122,España,882,U8430,LAS GOLONDRINAS
4123,Pueyrredón,927,D5835,EL TALA (DPTO. CHACABUCO)
4124,Tucumán,132,L8200,EL VERANEO
4125,Sarmiento,96,B6223,FERNANDO MARTI
4126,Lavalle,153,M5605,LAS MALVINAS
4127,España,654,B7631,BARRIO ESTACION QUEQUEN
4128,Belgrano,426,A4449,APOLINARIO SARAVIA
4129,Tucumán,374,B7505,ESTACION SAN FRANCISCO DE BELLOCQ
4130,Chile,561,E3114,VILLA FONTANA
4131,Saavedra,605,W3230,QUINTA SECCION OMBUCITO
4132,Mitre,426,K5345,BAÑOS TERMALES
4133,Rivadavia,94,U9121,LORETO
4134,French,403,W3196,SANTA RITA (ESQUINA-DPTO.ESQUINA)
4135,Dorrego,221,S3563,COLONIA SAN MANUEL
4136,French,780,W3197,LA PALMERA
4137,Pueyrredón,126,J5467,LA CHIGUA
4138,Mitre,255,Q8340,LAS BARDITAS
4139,Sarmiento,75,G4302,LA VUELTA (SAN RAMON
4140,Pueyrredón,800,J5443,KILOMETRO 936 (EMBARCADERO FCGB)
4141,Urquiza,308,G5253,BUENA VISTA (SUMAMPA-DPTO.QUEBRACHOS)
4142,Chile,841,B8101,CALDERON
4143,España,649,T4153,CUESTA DE LA CHILCA
4144,Alsina,615,J5419,LOS PUESTOS
4145,Urquiza,151,Z9017,PELLEGRINI
4146,Urquiza,903,B2764,CAMPO LA NENA
4147,Moreno,864,X5201,TODOS LOS SANTOS
4148,San Martín,122,P3601,ESTERITO
4149,Laprida,687,F5359,CASA PINTADA
4150,Lavalle,860,B7116,MONASTERIO
4151,Moreno,150,X5249,LA SOLEDAD
4152,French,475,B8512,LOS POZOS
4153,Tucumán,707,R8501,SAN JAVIER
4154,España,524,F5385,LAS HIGUERAS
4155,Dorrego,332,R8521,CONA NIYEU
4156,Lavalle,54,W3460,PASO ANCHO
4157,Laprida,297,X5000,BARRIO KENNEDY
4158,Belgrano,777,G4336,EL DIAMANTE (HUYAMAMPA
4159,Chile,492,X5214,LA RUDA
4160,Lavalle,671,L6309,SALINAS MARI MANUEL
4161,Sarmiento,577,S3555,CAMPO HUBER
4162,O'Higgins,991,F5385,SOLCA
4163,Pueyrredón,258,D5835,BELLA VISTA (VILLA DEL CARMEN
4164,San Martín,982,B1849,BARRIO EL PATRONATO
4165,French,233,G4319,SALADILLO (SALAVINA
4166,Dorrego,602,W3407,CHIRCAL (GRAL. PAZ
4167,Belgrano,109,A4400,LA TROJA
4168,Belgrano,107,W3474,ESTANCIA DEL MEDIO
4169,Rivadavia,699,B7311,SAN RAMON DE ANCHORENA
4170,Saavedra,287,K4751,LA CAÑADA (LA CIENAGA-DPTO.BELEN)
4171,Rivadavia,980,E3101,LOS GANSOS
4172,Urquiza,652,X5246,LOS TRONCOS (SANTA ELENA-DPTO.RIO SECO)
4173,Güemes,458,F5272,COMANDANTE LEAL
4174,Lavalle,343,A4401,ATOCHA
4175,Saavedra,529,G4319,POLVAREDA (SALAVINA
4176,Sarmiento,969,A4423,MOLINO (CHICOANA
4177,Moreno,287,B6071,BERMUDEZ
4178,Güemes,862,B6530,SAN JUAN DE NELSON
4179,Lavalle,126,R8334,INGENIERO HUERGO
4180,Urquiza,493,W3412,CUARTA SECCION ENSENADA GRANDE
4181,Pueyrredón,556,A4444,MIRAFLORES (EL GALPO6N
4182,Pueyrredón,109,B2805,ARROYO EL AHOGADO
4183,Güemes,804,N3350,COLONIA APOSTOLES
4184,Moreno,684,L6330,LA UNIDA
4185,O'Higgins,571,A4434,JURAMENTO
4186,Rivadavia,476,A4446,PASO LA CRUZ
4187,Pueyrredón,591,F5325,ALPASINCHE
4188,Dorrego,301,X5172,CASCADA DEL OLAEN
4189,España,638,K4751,LA ESTANCIA (LA PUERTA DE SAN JOSE
4190,Dorrego,259,A4440,PUNTA DEL AGUA
4191,Dorrego,658,K4751,AGUA DE DIONISIO
4192,Tucumán,148,H3718,PUESTO CARRIZO
4193,Urquiza,124,L6228,SARAH
4194,Belgrano,412,A4126,BRETE
4195,O'Higgins,70,B7167,PINAMAR ESTAFETA Nº1
4196,San Martín,99,B7109,PLAYA LAS MARGARITAS
4197,Güemes,141,G4302,ACOSTA
4198,Urquiza,102,A4432,LA VIÑA (CAMPO SANTO - DPTO. GRAL. M. M. DE GUEMES)
4199,Moreno,80,W3481,VALENCIA
4200,Urquiza,684,D6721,LAS GAMAS
4201,Güemes,340,Z9400,LAS HORQUETAS
4202,Alsina,898,H3730,CAMPO FERRANDO
4203,O'Higgins,902,X5936,CAPILLA SAN ANTONIO DE YUCAT
4204,San Martín,393,X5201,CALCHIN
4205,Sarmiento,471,Q8353,LILEO
4206,Urquiza,998,Q8401,ESTANCIA NEWBERY
4207,Belgrano,585,Y4640,LA BANDA (ABRA PAMPA - DPTO. COCHINOCA)
4208,Laprida,58,B6244,BANDERALO
4209,Dorrego,735,B1663,LA ESTRELLA (TRIJUI
4210,Dorrego,274,A4411,MORRO COLORADO
4211,Tucumán,930,W3302,SAN JUAN (ITUZAINGO - DPTO. ITUZAINGO)
4212,San Martín,118,G4300,EL CARMEN (LA BANDA
4213,Sarmiento,409,E1647,CANAL SAN MARTIN
4214,Laprida,575,Q8315,SANTA ISABEL (SAÑICO
4215,Alberdi,342,L8204,LOTE 12 (BERNASCONI)
4216,Rivadavia,179,M5570,VILLA DEL CARMEN
4217,O'Higgins,725,K4716,EL CEVIL
4218,Pueyrredón,693,L6307,LA ORACION
4219,Sarmiento,914,X5174,SANTA ROSA (HUERTA GRANDE-DPTO.PUNILLA)
4220,San Martín,221,R8307,LOS SAUCES
4221,Alberdi,923,X5284,LA LAGUNA (VILLA DE SOTO-DPTO.CRUZ DEL EJE)
4222,España,909,A4446,ALGARROBAL (CHAÑAR MUYO
4223,Pueyrredón,218,K5263,SAN MARTIN (DPTO. CAPAYAN)
4224,Mitre,166,W3224,LA PALMA
4225,Güemes,929,A4550,EL RETIRO
4226,Tucumán,274,X5115,VALLE VERDE
4227,España,85,M5517,BARRANCAS
4228,French,873,F5471,CORRAL DE ISAAC
4229,Güemes,884,T4109,NUEVOS MATADEROS
4230,French,748,F5471,PUESTO DE CARRIZO
4231,San Martín,914,E3142,PUEBLO ELLISON
4232,Pueyrredón,369,A4531,COLONIA SANTA ROSA
4233,Saavedra,664,B7621,LA SARA (RAMOS OTERO
4234,Dorrego,689,B2700,HOSPITAL SANATORIO DE LLANURA
4235,Lavalle,89,X6121,PAVIN
4236,Chile,246,Q8351,PIMATUE
4237,Mitre,371,B1663,BARRIO SOLAR DEL NORTE
4238,España,959,S2301,CORONEL FRAGA
4239,Sarmiento,57,E3101,DOCTOR GARCIA
4240,Urquiza,631,S3057,LA SARNOSA
4241,Lavalle,784,X5216,SAN JOSE DE LAS SALINAS
4242,Chile,270,P3601,TRES MOJONES
4243,Lavalle,483,L6323,PASO LA RAZON
4244,Chile,469,S2451,SAN JORGE
4245,Belgrano,600,U9210,FITIRHUIN
4246,Laprida,957,B1646,SAN FERNANDO ESTAFETA Nº2
4247,Moreno,41,G5251,LA AGUADITA
4248,Güemes,777,S3021,EL GALPON
4249,Sarmiento,246,G4184,CEJA POZO
4250,Mitre,912,E2841,LAZO
4251,Saavedra,573,T4103,LA FALDA
4252,Sarmiento,210,B7167,PINAMAR ESTAFETA Nº3
4253,Güemes,57,G4302,LOS PUNTOS
4254,Lavalle,397,A4421,SALADILLO DE OSMA
4255,Alberdi,512,H3705,EL SAUZALITO
4256,Urquiza,113,K4701,EL CHAÑARAL (CASA ARMADA
4257,España,779,X5184,URITORCO
4258,French,450,B6513,LA YESCA
4259,O'Higgins,59,B8148,PEDRO LURO
4260,Chile,474,X5121,BUENA VISTA (DESPEÑADEROS-DEPTO.SANTA MARIA)
4261,Saavedra,283,T4113,LAS ACOSTILLAS
4262,Sarmiento,159,X6140,GENERAL PUEYRREDON
4263,España,548,S2123,ZAVALLA
4264,Güemes,261,B6467,EL TRIO
4265,Belgrano,140,E3269,KILOMETRO 311 (APEADERO FCGU
4266,Alberdi,250,S3080,LA ORILLA
4267,Sarmiento,80,G5255,LA SOLEDAD (CNEL.FERNANDEZ
4268,San Martín,136,L6309,CAMPO URDANIZ
4269,Güemes,815,T4174,CEJAS DE AROCA
4270,Mitre,826,L6365,VALLE ARGENTINO (MACACHIN
4271,Urquiza,276,D5721,LAS COLONIAS
4272,San Martín,630,K4711,LA PUERTA
4273,Pueyrredón,185,X5813,GIGENA
4274,Rivadavia,861,B1649,ARROYO CANALETON
4275,Belgrano,108,B7241,LAS CHACRAS (PDO.LOBOS)
4276,Belgrano,960,B1825,MONTE CHINGOLO ESTAFETA No.3
4277,Sarmiento,135,X5833,ACHIRAS (DEPTO. RIO CUARTO)
4278,Dorrego,514,T4109,NUEVOS MATADEROS
4279,O'Higgins,997,N3317,CAMPIÑAS
4280,España,650,K4718,EL BASTIDOR
4281,Alsina,657,G3760,PUNI TAJO
4282,O'Higgins,162,L8200,LA MODERNA
4283,Belgrano,446,B1876,BERNAL ESTAFETA No.6
4284,Rivadavia,67,N3384,MONTECARLO
4285,Belgrano,322,X5871,BALDE DE LA ORILLA
4286,Urquiza,611,D5731,LA GAMA
4287,Mitre,337,A4425,GUACHIPAS
4288,O'Higgins,929,B1828,BARRIO MARIANO MORENO (BANFIELD
4289,Urquiza,413,K4701,LAS BARRANCAS (ANCASTI-DPTO.ANCASTI)
4290,Urquiza,338,T4161,EL POLEAR (DONATO ALVAREZ
4291,Alberdi,859,A4452,SAN GABRIEL
4292,Tucumán,720,X5941,COLONIA ANGELITA
4293,Moreno,52,B8109,KILOMETRO 652 (APEADERO FCGR.)
4294,Alberdi,670,G4328,RINCON DE LA ESPERANZA
4295,Chile,516,D6216,LA GITANA
4296,Alsina,298,M5603,INGENIERO BALLOFFET
4297,Tucumán,246,T4176,LA MADRID
4298,French,436,D6216,LOS DOS RIOS
4299,Tucumán,857,M5535,RESURRECCION (EMBARCADERO FCGB)
4300,Alberdi,158,S2152,ESTACION AERONAUTICA PAGANINI
4301,Pueyrredón,153,K4750,LA COSTA
4302,Sarmiento,519,B1649,ARROYO CUARENTA
4303,Tucumán,222,G5250,LOS SUNCHOS
4304,España,404,N3361,COLONIA SEGUI
4305,Mitre,436,E2820,VILLA LILA
4306,Alsina,863,A4434,VIRGILIO TEDIN (EMBARCADERO FCGB)
4307,Saavedra,518,K4724,NUEVA CONETA
4308,Saavedra,737,B7600,MAR DEL PLATA ESTAFETA No.12
4309,Mitre,404,W3450,ISLA SOLA
4310,Güemes,312,G3745,LIBERTAD (DPTO. MORENO)
4311,San Martín,485,K4701,LOS TAPIAS
4312,Dorrego,166,B6712,CORTINES
4313,Laprida,384,S3551,GUAYCURU
4314,Laprida,253,G3736,CAMPO DEL INFIERNO
4315,Belgrano,254,B6075,ESTANCIA SAN ANTONIO
4316,Urquiza,281,B1852,BURZACO ESTAFETA No.2
4317,Moreno,650,X5282,LOS SAUCES (DPTO.CRUZ DEL EJE)
4318,Mitre,292,B7521,LA BALLENA
4319,Rivadavia,990,A4448,SAUCE SOLO
4320,Alsina,191,B1649,ARROYO PACIFICO (DE LA SERNA)
4321,España,875,R8360,FORTIN UNO
4322,Pueyrredón,616,K4705,ROSARIO DEL SUMALAO
4323,Alberdi,505,D5773,LA FLORIDA (LAS LAGUNAS - DPTO. SAN MARTIN)
4324,España,886,S2409,ESTRADA
4325,Urquiza,395,S3042,VILLA LASTENIA
4326,Güemes,172,B7316,SHAW
4327,Alsina,311,D5730,CORONEL ALZOGARAY
4328,Urquiza,232,T4143,LOS ROJOS
4329,Moreno,607,D5777,PIZARRAS BAJO VELEZ
4330,Lavalle,268,E2821,SARANDI (DPTO. GUALEGUAYCHU)
4331,Tucumán,300,B7600,BARRIO ALFAR
4332,Dorrego,124,G4339,KILOMETRO 651 (APEADERO FCGB)
4333,Belgrano,217,L6315,LOTE 25 (ESCUELA 178)
4334,Alsina,291,E2820,BARRIO FRANCO
4335,Mitre,828,N3355,PERSIGUERO
4336,Lavalle,558,E3100,VILLA SARMIENTO
4337,Belgrano,425,B1824,LANUS
4338,Pueyrredón,732,Y4618,PUNTA CANAL
4339,Rivadavia,910,M5590,PIRQUITA (EMBARCADERO FCGSM)
4340,Alsina,667,Q8341,LA ARBOLEDA
4341,Sarmiento,238,R8500,LA MESETA
4342,Tucumán,192,L6360,LA GUEÑITA
4343,Laprida,272,D5707,CARMELO
4344,Moreno,621,G4197,SANSIOJ
4345,San Martín,726,P3636,LAS TRES MARIAS
4346,Mitre,973,U9210,CUESTA DEL TERNERO
4347,Alberdi,90,G3736,ROVERSI
4348,Mitre,91,M5543,ALTO GRANDE
4349,Dorrego,228,X5201,LOS PIQUILLINES (LA MAJADILLA-DPTO.TULUMBA)
4350,Alberdi,804,Y4630,SAN ANDRES
4351,Belgrano,869,T4149,COCHUNA
4352,San Martín,700,M5622,COLONIA JAUREGUI
4353,San Martín,152,D5715,ISLITAS
4354,Rivadavia,115,X5248,SIMBOLAR CHICO
4355,Moreno,635,F5361,PLAZA VIEJA
4356,España,195,W3400,VILLA JUAN DE VERA
4357,Urquiza,691,K5265,LA BARROSA (BAVIANO
4358,Saavedra,633,Q8313,LA PAMPA
4359,Chile,386,B1742,BARRIO ARCO IRIS
4360,Güemes,404,B7165,FARO QUERANDI
4361,Urquiza,527,R8422,BLANCA CHICA
4362,Dorrego,863,U9111,RUTA 3 KILOMETRO 1646
4363,Belgrano,980,T4111,VILLA DE SUELDOS
4364,España,930,G3749,SAN ISIDRO (EL SIMBOL
4365,Chile,163,X6273,PAGASANO (APEADERO FCGSM)
4366,Mitre,196,S3000,BARRIO SUD (SANTA FE
4367,Lavalle,767,G4324,DIASPA
4368,O'Higgins,488,U9111,BUSTAMANTE
4369,Mitre,855,X2679,PASCANAS
4370,Alberdi,951,X5209,CACHI YACO
4371,Moreno,109,P3601,TRES POCITOS
4372,French,377,Q8400,PUERTO ANCHORENA
4373,Lavalle,622,G4200,CONTRERAS (ESTABLECIMIENTO)
4374,Lavalle,478,R8418,EL MOLIGUE
4375,Mitre,35,B1716,LIBERTAD
4376,Chile,722,A4434,ANTA
4377,Belgrano,807,B1636,LA LUCILA ESTAFETA No.1
4378,Mitre,691,B7135,CUARTEL 8o.
4379,Rivadavia,186,A4415,PUEBLO VIEJO (LA POMA
4380,Pueyrredón,823,B6516,FRENCH
4381,España,218,D5738,KILOMETRO 656
4382,O'Higgins,158,G4195,MONTE QUEMADO (7 DE ABRIL
4383,Tucumán,879,B1894,BARRIO LA PERLA
4384,Dorrego,769,R8333,TRECA-CO
4385,San Martín,220,M5611,LOS BRITOS
4386,Alberdi,567,B1649,ARROYO FONTANA
4387,Laprida,213,X5873,CAÑADA GRANDE (SALTO (SAN JAVIER) DEPTO.SAN JAVIER)
4388,Dorrego,770,G4230,REMANSITO (FRIAS
4389,Belgrano,439,D5736,PASO DE LAS CARRETAS (FRAGA
4390,Moreno,656,B6242,DRABBLE
4391,España,931,X5967,PLAZA MINETTI
4392,Alberdi,255,A4198,CAMARA (ARENAL
4393,Tucumán,620,U8415,ÑORQUINCO SUD
4394,Belgrano,142,S2921,GODOY
4395,Saavedra,106,B7600,BARRIO TIRO FEDERAL (MAR DEL PLATA
4396,Lavalle,47,T4113,EL DURAZNO
4397,French,61,M5590,LA PRIMAVERA (LA PAZ
4398,French,508,X5871,CHANCANI
4399,Moreno,288,U9020,KILOMETRO 191 (APEADERO FCGR)
4400,San Martín,778,S2136,SAN JERONIMO SUD
4401,Pueyrredón,929,H3722,EL ORO BLANCO
4402,Saavedra,803,E3241,COLONIA VILLAGUYCITO
4403,España,433,M5621,COCHICO
4404,Tucumán,31,G4356,LAGUNILLA
4405,Alsina,951,X5135,POZO LA PIEDRA
4406,Pueyrredón,129,N3313,GENERAL GUEMES
4407,Belgrano,559,B7241,SALVADOR MARIA
4408,French,196,T4161,DONATO ALVAREZ
4409,Alberdi,269,A4449,ESPINILLO
4410,Lavalle,444,T4141,QUISCA CHICA
4411,Güemes,156,W3401,INGENIO PRIMER CORRENTINO
4412,Alberdi,875,B1983,GOMEZ
4413,Mitre,865,X5229,TINTIZACO (KILOMETRO 364)
4414,Mitre,161,S2451,COLONIA LA YERBA
4415,Dorrego,228,E3190,COLONIA BUENA VISTA
4416,O'Higgins,145,U9105,GLASFRYN
4417,Saavedra,943,Z9400,LA CORRENTINA
4418,Belgrano,591,B1649,ARROYO ESTUDIANTE
4419,French,514,G3062,SAN GERMAN
4420,Alsina,344,F5301,PUERTO DEL VALLE
4421,Alberdi,510,T4178,EMPALME AGUA DULCE (APEADERO FCGM)
4422,Moreno,171,G4452,ROMA
4423,Chile,482,A4400,BARRIO 20 DE JUNIO
4424,Moreno,615,B1605,MUNRO
4425,San Martín,221,W3463,CAVI POY
4426,Alsina,629,L6321,LA CIENAGA
4427,Lavalle,880,B3403,SANTOS LUGARES
4428,Laprida,315,X5246,EL PANTANILLO (RAYO CORTADO
4429,Pueyrredón,707,B1759,LA LOMA (GONZALEZ CATAN
4430,Moreno,776,G4317,ESPERANZA (VILLA ATAMISQUI
4431,Lavalle,150,T4000,BARRIO JUAN BAUTISTA ALBERDI
4432,French,738,B1678,CASEROS (PDO. 3 DE FEBRERO)
4433,Urquiza,91,U9223,SHAMAN
4434,Sarmiento,577,B2916,HARAS EL OMBU
4435,Sarmiento,348,B6450,ROVIRA
4436,Moreno,309,B6007,LA PINTA
4437,Urquiza,883,A4425,ALEMANIA
4438,Alsina,348,E3212,LA QUERENCIA
4439,Chile,467,P3634,CAPITAN JUAN SOLA
4440,Saavedra,444,T4122,BENJAMIN PAZ
4441,Alberdi,95,X5184,QUEBRADA DE NONA
4442,Lavalle,911,K4743,EL ARBOLITO (EL ALAMITO
4443,Alberdi,926,X5242,EL PESCADERO
4444,Güemes,495,B7318,COLONIA RUSA
4445,Moreno,224,A4434,EL OSO
4446,Güemes,708,R8503,GENERAL CONESA
4447,Tucumán,259,B7531,EL DIVISORIO
4448,Sarmiento,444,G4203,EL RINCON (LA PUNTA
4449,O'Higgins,264,K4753,LOS COLORADOS
4450,Alsina,523,T4103,TAFICITO
4451,Alberdi,515,W3409,ARROYO SAN JUAN
4452,Laprida,297,X5153,YCHO CRUZ SIERRAS
4453,Urquiza,977,W3454,LA CRUZ (BUENA VISTA
4454,Belgrano,141,D5755,SANTO TOMAS
4455,Saavedra,43,E3285,KILOMETRO 86 (APEADERO FCGU)
4456,Urquiza,713,A4550,PUESTO GRANDE
4457,O'Higgins,387,E2820,LA ZELMIRA
4458,Lavalle,405,Y4653,ORNILLO
4459,España,823,L3203,LA CHIRLANDIA
4460,Sarmiento,110,B1754,SAN JUSTO
4461,Güemes,862,W3342,KILOMETRO 470 (APEADERO FCGU)
4462,Pueyrredón,455,Z9313,CARA MALA
4463,Dorrego,151,F5350,SAN JOSE (VILLA UNION
4464,Mitre,873,T4122,EL CEDRO
4465,Lavalle,961,B7163,PASOS
4466,Saavedra,152,X5205,SAN PEDRO NORTE
4467,Pueyrredón,989,E3261,CUPALEN
4468,San Martín,297,W3403,COSTA GRANDE (LOMAS DE GALARZA
4469,Moreno,947,R8412,COSTAS DEL PICHI LEUFU
4470,Urquiza,526,B6538,SANTO TOMAS CHICO
4471,Mitre,940,S2173,CAMPO PESOA
4472,Chile,657,X5246,LOS COCOS (SANTA ELENA-DPTO.RIO SECO)
4473,Belgrano,426,G4238,ABRA DE QUIMIL
4474,Saavedra,396,K5265,LAS CUCHILLAS DE AYBAL
4475,Rivadavia,59,D5711,EL PUESTO (QUINES
4476,Alberdi,888,X5848,ESCOBAR
4477,Moreno,557,M5570,VILLA 25 DE MAYO
4478,French,506,K4711,LOS GUINDOS
4479,Alberdi,823,A4434,SAN SEBASTIAN
4480,Saavedra,76,B2711,PARAJE SANTA ROSA
4481,Lavalle,681,L8204,DIECISIETE DE AGOSTO
4482,French,832,A4400,CHAMICAL
4483,Saavedra,349,X5875,DIEZ RIOS
4484,Alberdi,316,X5249,PUESTO DE LOS ALAMOS
4485,Sarmiento,239,E3188,ALDEA SAN ISIDRO
4486,Güemes,102,E3265,SAN FRANCISCO (VILLA ELISA
4487,Lavalle,22,E3260,KILOMETRO 112 (APEADERO FCGU)
4488,Chile,551,B1640,MARTINEZ
4489,Moreno,620,K5261,EL PORTEZUELO (DIVISADERO
4490,French,168,U9009,CAMPAMENTO ESCALANTE (APEADERO FGCR)
4491,Alsina,432,D5738,AVANZADA
4492,Dorrego,237,S2117,COLONIA O'FARRELL
4493,Belgrano,871,A4449,PALMA
4494,Sarmiento,101,X2681,ETRURIA
4495,Moreno,411,D5707,LAS MESIAS
4496,Rivadavia,361,G3747,AIBALITO (CAMPO GALLO
4497,Belgrano,960,G4206,TROZO POZO
4498,Rivadavia,227,B1772,BARRIO PRESIDENTE URQUIZA
4499,San Martín,875,B8504,LA VARA
4500,Tucumán,691,F5717,KILOMETRO 732 (APEADERO FCGB)
4501,Sarmiento,755,G3062,EL CRUCERO (FORTIN INCA
4502,Dorrego,265,Q8353,CHAPUA ABAJO
4503,Laprida,470,U9120,BAHIA CRACHER
4504,Rivadavia,927,G4354,KILOMETRO 613 (APEADERO FCGB)
4505,Alberdi,644,G3749,LAS AGUILAS (EL SIMBOL
4506,España,224,X5963,LA ISLETA
4507,San Martín,1000,X5801,LA ESQUINA (DPTO.RIO CUARTO)
4508,Lavalle,567,E2840,SALADERO SAN JOSE
4509,Saavedra,603,J5461,HUERTA DE HUACHI
4510,Alsina,378,X5965,LAS JUNTURAS
4511,Sarmiento,944,Y4608,BORDO LA ISLA
4512,Laprida,901,B2900,SAN NICOLAS ESTAFETA Nº4
4513,Urquiza,998,M5603,LA PICHANA
4514,Tucumán,229,B6627,MOLL
4515,Moreno,297,Z9017,CAÑADON DIAZ
4516,Urquiza,871,Q8353,AGUADA CHACAY-CO
4517,Pueyrredón,287,B1746,BARRIO MARAVILLA DEL OESTE
4518,Urquiza,143,G5250,BALBUENA
4519,Dorrego,379,D5715,LAS PALOMAS
4520,Güemes,387,E3287,ISLA SAN JOSE
4521,Dorrego,878,B1765,ISIDRO CASANOVA
4522,Urquiza,854,D5703,EL ESPINILLO (VILLA GRAL. ROCA
4523,Alberdi,869,B7245,HARAS EL SALASO
4524,Güemes,566,R8503,COLONIA SAN JUAN
4525,Belgrano,91,B1649,ARROYO CARAPUATI
4526,San Martín,551,W3427,LA HERMINIA
4527,Tucumán,337,T4178,CAMPO EL LUISITO
4528,Dorrego,301,B6557,MAPIS
4529,French,394,R8417,LOS COSTEROS
4530,Alsina,294,X5201,EL TIGRE MUERTO
4531,Mitre,669,B1842,MONTE GRANDE ESTAFETA No.5
4532,Dorrego,776,J5449,SAN ANTONIO (VALLE FERTIL
4533,Belgrano,866,W3197,LA PALMERA
4534,Laprida,273,B1925,ENSENADA
4535,San Martín,439,W3445,ALGARROBAL (9 DE JULIO
4536,Alsina,686,D5771,HUERTAS
4537,Pueyrredón,811,B7021,TEDIN URIBURU
4538,Lavalle,414,W3416,KILOMETRO 516 (EMBARCADERO FCGU)
4539,Mitre,595,B6005,LA HUAYQUERIA
4540,Alsina,927,Q8371,NAHUEL MAPE
4541,Alsina,682,X5212,MOLINOS (AVELLANEDA-DPTO.ISCHILLIN)
4542,Mitre,614,A4542,SANTA MARINA
4543,Alsina,389,H3514,LOTE 48 (COLONIA MIXTA)
4544,Rivadavia,548,M5589,CHAPANAY
4545,Alsina,831,B7403,LA PROVIDENCIA
4546,Chile,860,Y4600,JUJUY
4547,Alberdi,572,E1647,ARROYO BRAZO LARGO
4548,Rivadavia,432,H3730,COLONIA SCHMIDT
4549,Alsina,373,S2000,BARRIO AZCUENAGA
4550,Dorrego,543,B7136,COLONIA ESCUELA ARGENTINA
4551,Güemes,816,A4409,SAN BERNARDO DE LAS ZORRAS
4552,French,521,B7225,LA VICTORIA (PDO. PILA)
4553,Mitre,273,E3118,PUENTE CARMONA
4554,Sarmiento,493,G5253,SAN MARTIN (RIO VIEJO
4555,French,703,B2903,EREZCANO
4556,Tucumán,505,T4000,VILLA AMALIA
4557,Sarmiento,490,M5571,LAS COLONIAS (MONTE CASEROS
4558,Dorrego,779,D5755,EL PUESTO (SAN MARTIN
4559,O'Higgins,813,B7172,COLONIA FERRARI
4560,O'Higgins,268,M5519,SAN JOSE (DPTO. GUAYMALLEN)
4561,Lavalle,370,E3260,BALNEARIO PELAY
4562,Belgrano,129,R8361,PASO LEZCANO
4563,Alberdi,72,K4716,AMADORES
4564,Alberdi,697,D5753,SAN RAFAEL
4565,España,767,K4715,LAS LAJAS (LAS JUNTAS-DPTO.AMBATO)
4566,Sarmiento,908,M5621,PUNTA DEL AGUA
4567,French,823,R8416,INGENIERO ZIMMERMANN RESTA (APEADERO FCGR)
4568,Alberdi,973,X5848,ESCOBAR
4569,Chile,498,B8150,SAUCE GRANDE
4570,Alberdi,393,E3191,COLONIA OFICIAL Nº14
4571,Chile,30,A4446,EL JARAVI
4572,Sarmiento,348,T4158,LOS ARROYO
4573,Rivadavia,463,H3714,POZO HONDO
4574,Rivadavia,597,X5870,SAN ROQUE (VILLA DOLORES-DPTO.SAN JAVIER)
4575,Mitre,366,G4206,MACO YANDA
4576,Pueyrredón,558,G4206,BUEY RODEO
4577,Mitre,519,B6231,CUENCA
4578,Pueyrredón,750,X5199,VILLA EL TORREON
4579,Rivadavia,530,D5835,CHAÑARES (VILLA DEL CARMEN
4580,Pueyrredón,707,E2824,FAUSTINO M. PARERA
4581,Saavedra,346,X5285,LA HIGUERA (DPTO.CRUZ DEL EJE)
4582,Rivadavia,682,B1617,GENERAL PACHECO
4583,Sarmiento,985,B1659,ESCUELA SUBOFICIALES SARGENTO CABRAL (APEADERO FCGU)
4584,Lavalle,116,G3064,EL TOBIANO (EMBARCADRO FCGB)
4585,Güemes,257,W3302,BOQUERON (ITUZAINGO
4586,Belgrano,145,M5571,VILLA MOLINO ORFILA
4587,Mitre,733,G4315,CODO VIEJO
4588,España,700,M5573,COLONIA DELFINO
4589,Lavalle,296,W3427,ORATORIO (MBURUCUYA
4590,Urquiza,921,W3222,JUAN PUJOL
4591,Mitre,457,Z9400,PUNTA DEL MONTE
4592,San Martín,301,X6123,COLONIA SANTA ANA
4593,Tucumán,450,A4193,LAS MERCEDES (SAN LORENZO - DPTO. ROSARIO DE LA FRONTERA)
4594,Alsina,864,B1896,JOAQUIN GORINA
4595,Laprida,555,R8534,FALCKNER
4596,Alsina,786,F5475,EL QUEMADO
4597,Sarmiento,38,U9000,KILOMETRO 11 (APEADERO FCGR)
4598,Pueyrredón,654,B6665,LA GLORIA
4599,Sarmiento,328,G4237,MENDOZA
4600,Güemes,59,A4452,SIMBOLAR (MACAPILLO
4601,Chile,324,X5221,AGUA DE LAS PIEDRAS
4602,Pueyrredón,302,X5887,EL SAUZAL
4603,Laprida,181,X5125,SANTIAGO TEMPLE
4604,Lavalle,135,X5961,COLONIA MACHADO
4605,Urquiza,428,K5333,BANDA LUCERO
4606,Dorrego,662,X5203,EL ESPINILLO (TULUMBA
4607,Rivadavia,36,W3412,BEDOYA
4608,French,242,J5400,BARRIO VILLA DEL CARMEN
4609,Chile,629,W3197,TORO CHIPAY
4610,Saavedra,366,E3125,COLONIA BRUGO
4611,Mitre,145,Y4606,COLONIA LOS LAPACHOS
4612,Rivadavia,74,D5701,PAMPA DEL TAMBORERO
4613,Laprida,537,G4302,LOS PUESTOS
4614,Sarmiento,678,T4122,SALINAS
4615,Güemes,617,L6312,RICARDO LAVALLE
4616,Mitre,94,B7517,PIERINI
4617,Tucumán,376,X2875,QUEBRACHO LADEADO
4618,Mitre,687,S6106,LA ASTURIANA
4619,Mitre,443,B6439,BONIFACIO
4620,Dorrego,875,E3260,LA GOYA
4621,Belgrano,143,T4187,EL ARBOLITO
4622,Pueyrredón,393,P3526,KILOMETRO 139 (NAVEGACION RIO BERMEJO)
4623,Rivadavia,540,W3414,MBALGUIAPU
4624,Dorrego,621,K5261,RAMBLONES
4625,Dorrego,444,E3183,CARPINCHORIS
4626,Saavedra,184,G4313,LA CAÑADA (ATOJ POZO-DPTO.SAN MARTIN)
4627,España,841,X5149,VILLA 9 DE JULIO
4628,Pueyrredón,250,E3122,COLONIA CERRITO
4629,Pueyrredón,791,E3272,ESTANCIA COLONIA LA TAPERA
4630,Alberdi,577,D5700,LA ESPESURA
4631,Dorrego,243,G4208,SAN IGNACIO (BELTRAN-LORETO
4632,Laprida,705,B1888,BARRIO MONTEVERDE
4633,O'Higgins,200,U9121,BAJO BARTOLO
4634,Rivadavia,366,B7414,LAPRIDA
4635,Saavedra,180,G3743,TINTINA
4636,Mitre,604,S2508,CAMPO GIMBATTI
4637,French,39,Z9400,MARCATCH AIKE
4638,Mitre,899,Y4644,RIO COLORADO
4639,Chile,407,X5841,LAS CINCO CUADRAS
4640,Dorrego,162,D5753,LA ESPERANZA (LAS CHACRAS - DPTO. SAN MARTIN)
4641,Rivadavia,893,W3466,ARROYO HORQUETA
4642,Lavalle,566,D5722,SANTA DIONISIA
4643,San Martín,782,X5285,AGUA DE LAS ASTAS
4644,French,453,F5275,COLONIA ORTIZ DE OCAMPO
4645,Güemes,585,B7633,PIERES
4646,Lavalle,818,N3362,PRIMERO DE MAYO
4647,Alberdi,72,N3317,RINCON DE BONPLAND
4648,O'Higgins,432,Q8340,EL OVERO
4649,Tucumán,718,K4701,RUDITAS
4650,Güemes,728,G4313,EL DORADO
4651,Alberdi,245,K5263,PARADA KILOMETRO 62
4652,Belgrano,504,T4101,CUCHILLAS
4653,Chile,972,X5807,COLONIA LA VALENTINA
4654,Chile,251,B7116,GUERRERO
4655,Tucumán,817,E2841,KILOMETRO 303 (APEADERO FCGU)
4656,Moreno,697,K4701,POTRERILLO
4657,Sarmiento,440,Q8371,CHINQUILIHUIN
4658,Rivadavia,387,Y4626,CHUCALEZNA
4659,Laprida,476,Z9303,LA CONSTANCIA
4660,Belgrano,576,K5317,APUYACO
4661,Pueyrredón,923,H3522,LOTE 15 (ESCUELA 268)
4662,Mitre,832,L6330,LA BLANCA
4663,O'Higgins,350,A4562,GENERAL ENRIQUE MOSCONI
4664,Lavalle,404,B1649,ARROYO TORO
4665,Chile,252,N3382,PUERTO VICTORIA
4666,Urquiza,588,B2900,SAN NICOLAS ESTAFETA Nº6
4667,Sarmiento,946,S2720,LOS ARCOS
4668,O'Higgins,471,B6640,LA MARIA
4669,Alsina,21,R8400,PUERTO MORENO
4670,O'Higgins,875,X5149,CAMPO BOURDICHON
4671,Urquiza,896,A4434,LAS ACHERAS
4672,Saavedra,233,S2000,ANTARTIDA ARGENTINA
4673,French,812,E3156,HERNANDEZ
4674,Pueyrredón,444,D5771,EL RODEO (LAS AGUADA
4675,Rivadavia,314,G4208,YULU HUASI
4676,Tucumán,352,W3472,TATARE
4677,Rivadavia,386,W3451,EL RUBIO
4678,Moreno,239,Q8347,LA PORTEÑA
4679,Rivadavia,968,T4117,FINCA LOPEZ
4680,Alsina,240,G4301,LA GUARDIA (DPTO. FIGUEROA)
4681,O'Higgins,532,X5875,LUYABA
4682,Tucumán,448,U9121,BAJO BARTOLO
4683,Güemes,198,D5719,MONTE VERDE
4684,Rivadavia,675,G5255,LA GRANA
4685,Moreno,461,N3360,OBERA
4686,Pueyrredón,711,K4711,EL PIE DE LA CUESTA
4687,Rivadavia,627,A4440,PASTIADERO
4688,Güemes,273,G5257,RAMADITA (RAMIREZ DE VELAZCO
4689,Rivadavia,337,G4302,SAN ROQUE (SAN RAMON-DPTO.BANDA)
4690,Chile,899,R8418,OJOS DE AGUA (EMBARC. FCGR
4691,Lavalle,853,B1664,BARRIO LA NUEVA ESTRELLA
4692,Alberdi,647,Q8315,HACHE-CO
4693,Güemes,895,G4225,LA SOLEDAD (VILLA RIO HONDO
4694,Saavedra,422,W3446,SERIANO-CUE
4695,Güemes,167,T4163,LA LAGUNILLA
4696,Saavedra,740,G4334,POZO CEBADO (REAL SAYANA
4697,Moreno,539,L6321,EL REFUGIO
4698,Mitre,378,B1763,BARRIO EL SOL (PUENTE EZCURRA
4699,Rivadavia,87,U9009,CAMPAMENTO ESCALANTE (APEADERO FGCR)
4700,French,41,S3016,BARRIO VILLA LUJAN
4701,Alberdi,425,B7013,DE LA CANAL
4702,Chile,834,B8117,PELICURA
4703,Sarmiento,832,A4425,SAUCE REDONDO
4704,Urquiza,741,X5221,CORRAL DE BARRANCA
4705,Chile,351,A4651,SAN FELIPE (SANTA VICTORIA
4706,Alberdi,683,D6216,LA DONOSTIA
4707,Urquiza,255,A4535,POZO DEL PATO
4708,Rivadavia,742,J5407,MARQUESADO
4709,Sarmiento,212,S2173,CAMPO PESOA
4710,Tucumán,572,B6005,ESTACION GENERAL ARENALES
4711,Alsina,366,P3615,GENERAL MANUEL BELGRANO
4712,Mitre,238,G4301,AREAS
4713,Saavedra,74,E3142,BOVRIL
4714,Sarmiento,661,Q8341,EL DORMIDO
4715,Urquiza,633,U9001,BARRIO LAPRIDA
4716,Güemes,251,B7200,LAS FLORES ESTAFETA No.1
4717,O'Higgins,232,D5721,LOS COROS
4718,Sarmiento,328,A4538,LAS MARAVILLAS
4719,Chile,416,A4193,POZO BLANCO
4720,Moreno,463,M5590,CADETES DE CHILE
4721,Belgrano,547,W3450,CAMPO ARAUJO
4722,French,360,K4235,TINTIGASTA
4723,Urquiza,559,X5166,SANTA ROSA (COSQUIN-DPTO.PUNILLA)
4724,España,749,T4124,TACO YANA
4725,Mitre,32,U9009,EL SINDICATO
4726,Moreno,803,N3378,COLONIA HELVECIA
4727,O'Higgins,955,X5201,LAS PALMAS (ISCHILLIN-DPTO.ISCHILLIN)
4728,Dorrego,365,F5471,LA TORDILLA
4729,Alberdi,252,K5261,EL VALLE
4730,Rivadavia,634,B6003,ESTACION ASCENSION
4731,Urquiza,559,G4351,WEISBURD
4732,Sarmiento,552,F5276,EL BORDO
4733,Lavalle,877,S3046,FORTIN ALMAGRO
4734,Belgrano,284,X5287,AGUA DE LOS ARBOLES
4735,Alberdi,878,X5284,TALA DEL RIO SECO
4736,San Martín,961,F5276,CHAÑAR
4737,Rivadavia,257,W3403,CARABAJAL
4738,España,656,M5500,BARRIO CANO
4739,Urquiza,550,X5829,SORIA
4740,O'Higgins,649,E3214,KILOMETRO 373 (APEADERO FCGU)
4741,Rivadavia,527,G4203,SAYACO
4742,España,465,K4230,BREA CHIMPANA
4743,Güemes,438,L6307,LA BOTA
4744,Lavalle,159,Q8353,BUTA RANQUIL
4745,Lavalle,47,G4201,DIQUE LOS QUIROGA
4746,Alsina,849,T4242,SAN MIGUEL (TACO RALO
4747,Saavedra,537,N3300,KILOMETRO 595 (APEADERO FCGU)
4748,San Martín,865,R8328,EL MANZANO
4749,Güemes,424,R8534,SIERRA COLORADA
4750,Chile,552,W3427,PASITO
4751,Lavalle,631,R8332,LUPAY NIYEO
4752,Mitre,627,D5750,LAS DELICIAS
4753,O'Higgins,48,F5275,AGUA COLORADA (VILLA DE SANTA RITA
4754,Saavedra,159,H3514,CACUI
4755,Alsina,916,S2303,KILOMETRO 85
4756,Pueyrredón,766,X5825,HOLMBERG
4757,Moreno,522,R8412,LA QUEBRADA
4758,Mitre,25,B6453,LAS TOSCAS
4759,Dorrego,543,E2805,ARROYO BRASILERO
4760,Mitre,491,X5885,HORNILLOS
4761,Güemes,781,K5261,LA COLONIA
4762,Tucumán,792,B1665,BARRIO SAN ROQUE (JOSE C. PAZ
4763,Pueyrredón,935,Q8340,BAJADA DEL MARUCHO
4764,San Martín,283,J5401,LA ISLA
4765,Belgrano,450,G4187,LA MARAVILLA
4766,Laprida,566,Y4612,ZAPLA
4767,Sarmiento,358,E3446,KILOMETRO 376 (APEADERO FCGU)
4768,Dorrego,229,T4133,PADILLA
4769,Lavalle,122,G4324,POZO MORO
4770,Alsina,837,W3403,LOMAS DE GALARZA
4771,Rivadavia,416,Y4624,TILCARA
4772,Pueyrredón,644,T4141,LOS CHAÑARES
4773,Urquiza,850,L6309,COLONIA SANTA ANA
4774,Belgrano,592,X5139,PLAYA GRANDE
4775,Moreno,601,S3575,LANTERI
4776,O'Higgins,970,U9223,SHAMAN
4777,España,309,L6352,LA PERLA (LONQUIMAY
4778,Güemes,352,M5634,EL BANDERON
4779,San Martín,591,G5251,MOLLES
4780,Laprida,944,D5770,EL CALDEN (CONCARAN
4781,Alsina,599,G4201,EL DEAN
4782,Laprida,869,B6435,LAGUNA DEL MONTE (GUAMINI
4783,Mitre,506,G3749,NUEVO LUJAN
4784,Lavalle,660,W3476,MARIA IDALINA
4785,Dorrego,542,G3062,LA DELIA
4786,Belgrano,611,N3300,BARRIO SANTA LUCIA
4787,Güemes,387,B7609,LOS ACANTILADOS
4788,Urquiza,890,P3634,LOS GALPONES
4789,Alsina,985,X5817,PUERTA COLORADA
4790,San Martín,854,X5145,EL CHINGOLO
4791,Sarmiento,733,J5467,ANGUALASTO
4792,San Martín,717,B8109,DESVIO SANDRINI
4793,Pueyrredón,764,X5155,EL VERGEL (TANTI
4794,French,659,X5123,VILLA POSSE
4795,Urquiza,320,A4141,TOLOMBON
4796,Alberdi,623,R8424,LA RINCONADA
4797,Urquiza,931,K5261,EL MISTOLITO
4798,Belgrano,872,Z9303,GARMINUE
4799,Belgrano,852,E3267,COLONIA EL CARMEN
4800,Rivadavia,410,X5186,VILLA CARLOS PELLEGRINI
4801,Pueyrredón,909,M5579,SANTA MARIA DE ORO
4802,Alberdi,331,K4741,VILLA CORONEL ARROYO
4803,Güemes,702,D5721,ALTO DEL VALLE
4804,Alsina,304,S3014,KILOMETRO 35 (APEADERO FCGB)
4805,Tucumán,558,Y4600,LOS BLANCOS
4806,Güemes,812,E3113,TRES LAGUNAS
4807,Dorrego,359,X5006,BARRIO RENACIMIENTO
4808,Urquiza,772,Q8400,PUERTO ANCHORENA
4809,Alsina,840,E3191,SAN GUSTAVO
4810,Moreno,440,G4206,SAN AGUSTIN (SILIPICA
4811,Alsina,494,L8206,TRAICO
4812,Rivadavia,804,B6501,ESTACION PROVINCIAL 9 DE JULIO
4813,Sarmiento,433,Y4643,CASA COLORADA
4814,San Martín,478,B1722,MERLO ESTAFETA No.5
4815,French,88,H3524,PUERTO BERMEJO
4816,Alsina,174,L6303,COLONIA ROCA
4817,San Martín,50,X5139,TORO PUJIO
4818,Belgrano,107,D5707,ZAMPAL
4819,French,604,B6341,CHOPI TALO
4820,Dorrego,507,P3600,BARRIO LOURDES
4821,Lavalle,768,L6321,LA ESTRELLA
4822,Alberdi,704,Q8341,LA OFELIA
4823,San Martín,907,Z9300,CAÑADON DEL RANCHO
4824,Urquiza,634,Q8318,EL BOCHINCHERO
4825,Mitre,771,G4233,ALTO ALEGRE
4826,Moreno,236,D5707,BALDE DE PUERTAS
4827,Rivadavia,325,Q8316,BALSA SENILLOSA
4828,España,189,B2812,PAVON
4829,Lavalle,715,A4644,TOROYOC
4830,Alsina,43,B1865,EL PAMPERO
4831,Tucumán,674,G5251,EL RODEO
4832,Belgrano,863,L6309,SANTA ANA
4833,Pueyrredón,376,J5446,MARAYES
4834,Rivadavia,295,F5357,VINCHINA
4835,Saavedra,366,B1894,EL PELIGRO
4836,Güemes,325,B6535,CADRET
4837,San Martín,860,G4302,MEDIA FLOR (VILMER
4838,San Martín,932,T4101,MATUL
4839,Mitre,936,K4751,EL DURAZNO (JACIPUNCO
4840,Lavalle,712,A4552,GENERAL BALLIVIAN
4841,Urquiza,227,A4423,CHICOANA
4842,French,888,K4750,CORTADERA
4843,Alberdi,53,X2516,AGUA HEDIONDA
4844,Alberdi,224,B1665,BARRIO LAS ACACIAS (JOSE C. PAZ
4845,Güemes,55,G4201,SAN MARTIN (CHILCAS LA LOMA
4846,Alsina,599,Q8315,LA PICASA
4847,Moreno,818,B6400,LAGUNA REDONDA
4848,Pueyrredón,543,G3062,LA MAGDALENA
4849,French,965,K5333,COPACABANA
4850,Mitre,857,K4718,LOS GALPONES
4851,España,789,J5449,YOCA
4852,Chile,572,B7305,EL MIRADOR
4853,Pueyrredón,887,S3072,MARIA EUGENIA
4854,Güemes,210,K4715,MOLLE QUEMADO
4855,Sarmiento,950,L8201,LA LIMPIA
4856,Lavalle,253,G4301,CUQUENOS
4857,Laprida,869,G4233,SAN JUANCITO
4858,Güemes,436,P3608,PALO SANTO
4859,Moreno,912,F5301,EL QUEBRACHO
4860,España,912,P3603,VILLA DOS TRECE
4861,Lavalle,57,Y4603,PERICO SAN JUAN
4862,French,555,F5301,PUERTO DEL VALLE
4863,Pueyrredón,235,F5383,AGUA COLORADA (OLTA
4864,Pueyrredón,976,G4189,CAMPO AMARILLO (EMBARCADERO FCGB)
4865,Pueyrredón,969,D5703,LEANDRO N. ALEM
4866,Güemes,575,G5255,EL VIÑALITO
4867,Belgrano,345,T4137,PIEDRAS BLANCAS
4868,Saavedra,29,A4432,LA OLIVA
4869,Alsina,295,R8422,BLANCA CHICA
4870,Alberdi,145,J5439,DOS ACEQUIAS
4871,Alsina,419,N3300,BARTOLOME MITRE
4872,Tucumán,599,W3197,ESTERO GRANDE
4873,Pueyrredón,781,B1802,AEROPUERTO EZEIZA
4874,San Martín,454,G5250,CAÑADA DE LA CRUZ
4875,French,792,B1984,HARAS RATAPLAN
4876,Belgrano,847,G4313,VILLA NUEVA (DPTO. SAN MARTIN)
4877,Mitre,309,B6003,FERRE
4878,Lavalle,777,H3514,LAGUNA ESCONDIDA
4879,Alsina,982,X5166,KILOMETRO 579 (APEADERO FCGB)
4880,Güemes,331,B6339,SALLIQUELO
4881,Sarmiento,672,B7223,GENERAL BELGRANO
4882,Laprida,561,E3100,VILLA URANGA
4883,Alberdi,486,N3364,PINDAYTI
4884,Rivadavia,619,P3606,LA LOMA
4885,Tucumán,698,N3355,BRETES MARTIRES
4886,French,627,B8142,COLONIA LA GRACIELA
4887,Alberdi,130,F5359,JAGUE
4888,Rivadavia,775,S3018,RECREO
4889,French,810,K4139,SANTA MARIA
4890,Belgrano,231,Q8319,PUESTO HERNANDEZ (BATERIAS DE Y.P.F.)
4891,O'Higgins,936,X5196,ATUMI PAMPA
4892,Sarmiento,393,T4119,TOTORAL
4893,Belgrano,369,X2580,MARCOS JUAREZ
4894,Laprida,980,S2246,PUERTO ARAGON
4895,Alberdi,237,G5255,PUESTO DE ARRIBA
4896,San Martín,412,T4178,ALDERETES
4897,Alsina,781,E3248,VILLA SAN MARCIAL
4898,San Martín,405,Z9051,CABO BLANCO
4899,O'Higgins,717,W3450,GOYA
4900,Güemes,121,A4193,ALMIRANTE BROWN
4901,Mitre,812,W3463,EL ROSARIO (SAUCE
4902,Alberdi,257,X5225,EL SUNCHO
4903,Laprida,644,M5570,LA PASTORAL
4904,Dorrego,804,D5713,PUESTO ROBERTO
4905,Pueyrredón,918,D5719,SAN AGUSTIN
4906,Dorrego,120,X5009,BARRIO ALTOS DE CABRERA
4907,Lavalle,854,R8403,PASO MIRANDA
4908,Alberdi,183,D5705,LA REPRESITA (SAN FRANCISCO DEL MONTE DE ORO
4909,Rivadavia,99,S3005,LOS CARDENALES (APEADERO FCGB)
4910,French,884,S3560,BARRIO MARIANO MORENO
4911,Güemes,748,W3423,SAN JUAN (CONCEPCION - DPTO. CONCEPCION)
4912,Urquiza,385,W3230,REDUCCION
4913,Belgrano,609,T4000,VILLA LUJAN
4914,French,299,B6661,LUCAS MONTEVERDE
4915,Tucumán,764,A4190,CERRO NEGRO (R. DE LA FRONTERA
4916,Moreno,865,K4701,EL CERCADO
4917,España,64,T4242,LA CHILCA
4918,Belgrano,73,D5771,CABEZA DEL NOVILLO
4919,O'Higgins,702,G4351,VILLA BRANA
4920,España,517,S3005,SAN JAVIER
4921,Güemes,877,E3177,KILOMETRO 25
4922,Saavedra,403,S2117,LOMA VERDE
4923,Tucumán,39,G4321,CERRILLOS (LOS TELARES
4924,Güemes,554,G4315,COLLERA HURCUNA
4925,San Martín,225,B1879,CAMINO CALCHAQUI (KM. 17
4926,España,440,A4432,LA OLIVA
4927,Chile,798,S2175,BARLETT
4928,Chile,308,B6461,CAPITAN CASTRO
4929,Alsina,268,Y4500,SAN PEDRO
4930,San Martín,291,X2436,COLONIA ARROYO DE ALVAREZ
4931,French,31,B7548,CURUMALAN
4932,España,49,X5212,RIO DE LAS MANZANAS
4933,Lavalle,346,X5249,SAN BARTOLO
4934,Alberdi,220,X5285,TRES ARBOLES
4935,French,667,P3626,KILOMETRO 503
4936,Laprida,131,J5415,CALLE AGUILERAS
4937,Sarmiento,242,K4715,LOS MOLLES (EL RODEO
4938,Sarmiento,366,J5436,PUNTA DE LAGUNA
4939,Alsina,301,G4176,POZO DEL ARBOLITO
4940,Moreno,27,T4124,SAN PEDRO DE COLALAO
4941,Sarmiento,601,G4315,CODO
4942,España,28,Q8345,PATRIA
4943,Chile,36,F5353,LOS NACIMIENTOS
4944,Sarmiento,304,A4434,LECHIGUANA
4945,Mitre,855,G4225,EL BARRIAL (PUESTO DE VIEYRA
4946,French,911,X5291,LA BISMUTINA
4947,Dorrego,982,Z9405,PASO CHARLES FHUR
4948,Laprida,480,D5722,LA MARIA
4949,San Martín,440,B7007,SAN PASCUAL
4950,Saavedra,113,D5753,LOS ALAMOS (PASO GRANDE
4951,Moreno,45,A4421,PEÑAS AZULES
4952,French,439,Q8375,SAN IGNACIO
4953,Sarmiento,292,A4409,INGENIERO MAURY
4954,Lavalle,440,A4530,SAN BERNARDO (SAN RAMON DE LA NUEVA ORAN
4955,Alsina,875,X2525,FLORA
4956,Alberdi,150,A4561,SANTA MARIA (DPTO. RIVADAVIA)
4957,O'Higgins,340,N3332,PUERTO LEONI
4958,Alberdi,818,S2119,BERNARD
4959,O'Higgins,344,D6279,MARTIN DE LOYOLA
4960,Saavedra,837,A4535,LAS LLAVES
4961,Tucumán,995,Q8341,LA ARBOLEDA
4962,French,681,W3412,SOCORRO
4963,Belgrano,623,T4168,BELLA VISTA
4964,French,272,Y4640,ABRA PAMPA
4965,Alberdi,660,T4182,SAN PEREYRA
4966,French,501,B2812,CAPILLA
4967,O'Higgins,798,B6628,COLONIA ZAMBUNGO
4968,Saavedra,785,X5012,BARRIO YOFRE
4969,Belgrano,603,T4101,AGUADITA
4970,Laprida,773,X5871,EL RINCON (CHANCANI
4971,Sarmiento,948,A4449,LAS BATEAS
4972,Lavalle,595,B8000,BARRIO ALMAFUERTE (BAHIA BLANCA
4973,Rivadavia,896,G5250,POZO ESCONDIDO
4974,Lavalle,405,E3183,FORTUNA
4975,Saavedra,517,P3613,SEGUNDA PUNTA
4976,Güemes,897,G5250,INTI HUASI
4977,Güemes,738,M5595,CUPILES
4978,Tucumán,317,J5411,PAJAS BLANCAS
4979,Mitre,791,Z9019,TEHUELCHES
4980,Güemes,315,S3575,FLOR DE ORO
4981,San Martín,665,G4233,ANCAJAN
4982,Alsina,811,Y4600,CHUQUINA
4983,Alberdi,609,A4126,LA ASUNCION
4984,España,33,D5721,DONADO
4985,Güemes,736,B6400,MARI LAUQUEN
4986,French,528,X6121,PAVIN
4987,Pueyrredón,235,S2720,CAMINERA GRAL.LOPEZ
4988,Saavedra,369,Q8313,PASO AGUERRE
4989,Dorrego,909,E3101,LAS CUEVAS
4990,Rivadavia,371,A4403,LA FAMA
4991,Mitre,369,B6032,BLANDENGUES
4992,Alberdi,911,T4137,LAS BOLSAS
4993,San Martín,689,U9020,LAGO DEL MATE
4994,Laprida,882,L6300,COLONIA LAGOS
4995,Saavedra,370,R8521,ARROYO DE LA VENTANA
4996,Lavalle,531,B7641,EL PITO (ENERGIA
4997,Sarmiento,522,W3480,IBAHAY
4998,Pueyrredón,643,L6205,LOTE 5 (CALEUFU
4999,Mitre,27,W3466,LA BLANCA
5000,Moreno,504,E3101,PUENTE LAS PENCAS
5001,Chile,578,L8206,COLONIA ESPAÑA
5002,Mitre,809,P3611,TRES LAGUNAS (DPTO. PILCOMAYO)
5003,Dorrego,264,T4166,BALDERRAMA
5004,O'Higgins,311,B1900,LA PLATA ESTAFETA No.8
5005,Laprida,630,J5449,BARRIALES
5006,España,311,A4434,SAN SEBASTIAN
5007,Rivadavia,686,X5284,LAS CAÑADAS (VILLA DE SOTO
5008,San Martín,205,B6607,ANASAGASTI
5009,Alberdi,705,N3378,VEINTIDOS DE DICIEMBRE
5010,O'Higgins,26,D5719,TRES LOMAS
5011,Rivadavia,635,T4105,VILLA ANGELINA
5012,Güemes,209,B6003,ESCUELA AGRICOLA SALESIANA (C. G. UNZUE)
5013,Belgrano,520,L6326,COLONIA ANGUIL
5014,San Martín,171,T4124,PINGOLLAR
5015,Tucumán,880,F5275,LAS PALOMAS
5016,Lavalle,208,S2201,RICARDONE
5017,San Martín,385,X5012,BARRIO CANAVOSIO
5018,Tucumán,495,G3062,LAS CHILCAS
5019,Moreno,510,K5333,CIENAGUITA
5020,Rivadavia,572,U9227,PASTO BLANCO
5021,España,352,B7150,SAN LAUREANO
5022,Güemes,27,T4176,QUISCA
5023,Belgrano,675,L8201,LIMAY MAHUIDA
5024,San Martín,959,D5701,EL TALA (EMBALSE LA FLORIDA
5025,Laprida,340,X5811,ESPINILLO (DEPTO. RIO CUARTO)
5026,Sarmiento,602,E2820,BARRIO NAZARET
5027,O'Higgins,465,E2846,ISLAS LECHIGUANAS
5028,Belgrano,896,T4187,VILLA MONTE CRISTO
5029,Pueyrredón,323,Y4624,HUCHAIRA
5030,San Martín,64,E3101,ALDEA SALTO
5031,Moreno,169,D6279,VIVA LA PATRIA
5032,España,872,L8201,EL NUEVE
5033,Saavedra,101,Q8373,PILO LIL
5034,O'Higgins,566,F5380,GOBERNADOR GORDILLO
5035,Alberdi,211,L6303,LA BAYA
5036,Saavedra,440,K4235,SUCUMA
5037,Tucumán,52,W3342,CAA GARAY (GOBERNADOR ING. VALENTIN VIRASORO-DEP.SANTO TOME)
5038,Pueyrredón,911,K4758,SAN BUENA VENTURA
5039,Güemes,519,R8363,SANTA GENOVEVA
5040,Rivadavia,816,T4146,EL POTRERO
5041,Güemes,233,W3340,LOS BRETES
5042,Sarmiento,618,B1838,BARRIO LOS EUCALIPTOS (LUIS GUILLON
5043,Chile,610,L6300,MEDANO BLANCO
5044,Belgrano,514,Y4608,LAS PAMPITAS
5045,Moreno,624,P3606,KILOMETRO 109
5046,Pueyrredón,971,Y4608,CORONEL ARIAS
5047,Alberdi,62,G3760,CORONEL BARROS
5048,French,42,X2559,LOS UCLES
5049,Moreno,611,B7630,NECOCHEA ESTAFETA Nº9
5050,Pueyrredón,874,M5590,CADETES DE CHILE
5051,Sarmiento,572,J5442,CAUCETE
5052,Pueyrredón,792,D6216,LA TIGRA
5053,Sarmiento,279,G4301,AGUAS COLORADAS
5054,O'Higgins,475,B1746,FRANCISCO ALVAREZ
5055,Alberdi,413,J5449,LOMA NEGRA
5056,Urquiza,127,A4423,CHIVILME
5057,Sarmiento,205,G4237,LA ABRA (LAS PEÑAS
5058,Moreno,84,B2938,ALSINA
5059,España,382,W3266,ABALO
5060,España,109,S2248,CASALEGNO
5061,Güemes,95,X5295,ALTO DEL TALA
5062,Sarmiento,559,X5220,EL REYMUNDO
5063,Alberdi,905,D5753,LA DORA
5064,Alberdi,715,V9410,PUNTA REMOLINOS
5065,Dorrego,976,A4452,FLORESTA
5066,San Martín,660,S3575,ARROYO CEIBAL
5067,Pueyrredón,861,M5545,TERMAS VILLAVICENCIO
5068,Saavedra,233,H3534,TRES PALMAS
5069,Güemes,334,G4301,CALLEJON BAJADA
5070,Laprida,942,X5218,EL MOJONCITO
5071,Chile,571,B1647,RIO PARANA GUAZU
5072,Lavalle,432,Y4655,TIMON CRUZ
5073,Alberdi,409,D5707,PASTAL
5074,Rivadavia,951,X5249,EL RODEO (LOS HOYOS
5075,Pueyrredón,297,W3302,LA HILEORICA
5076,Tucumán,422,K5264,LA ISLA (SAN ANTONIO DE LA PAZ
5077,Rivadavia,634,M5527,LOS CORRALITOS
5078,Belgrano,274,G3741,EL FISCO
5079,O'Higgins,165,A4530,RIO PESCADO
5080,Belgrano,305,U9210,COSTA CHUBUT
5081,Laprida,549,G3745,CENTRAL DOLORES
5082,Laprida,1000,U9227,LAURITA
5083,Rivadavia,884,W3220,CHIRCAL (MONTE CASEROS
5084,Saavedra,23,L6214,LA PRIMAVERA (CHAMAI CO
5085,Laprida,264,B1744,LA PERLITA
5086,Pueyrredón,965,K5263,PARADA KILOMETRO 62
5087,French,719,W3463,CAMPO MAIDANA
5088,Belgrano,654,S2631,VILLA DIVISA DE MAYO
5089,España,703,H3505,LA PILAR
5090,O'Higgins,775,L6321,EL REFUGIO
5091,Sarmiento,907,E2805,ARROYO LA PACIENCIA
5092,Urquiza,91,A4452,ALGARROBAL (MACAPILLO
5093,Pueyrredón,247,A4423,BELLA VISTA (CHICOANA - DPTO. CHICOANA)
5094,Moreno,823,M5537,LOS BALDES
5095,Chile,38,D5701,PANCANTA
5096,Saavedra,252,D5707,CHIMBORAZO
5097,O'Higgins,424,U9107,VALLE SUPERIOR
5098,Pueyrredón,838,X2594,BARRIO LA FORTUNA
5099,Pueyrredón,98,B1816,RUTA 205 KILOMETRO 57
5100,French,190,B1987,CUARTEL llo.
5101,French,184,W3461,AGUAY (PERUGORRIA
5102,Mitre,702,B2751,COLONIA STEGMAN
5103,Rivadavia,734,Z9400,CERRO PALIQUE
5104,Chile,575,B7612,EL REFUGIO
5105,Dorrego,764,A4409,QUEBRADA MUÑANO
5106,San Martín,575,A4427,CAFAYATE
5107,Güemes,617,T4119,LOS CHORRILLOS
5108,España,422,G4302,QUISHCA
5109,Belgrano,335,X5203,BELLA VISTA (TULUMBA-DEPTO.TULUMBA)
5110,Tucumán,898,A4446,PULI
5111,Mitre,965,X5196,EL PORTEZUELO
5112,San Martín,397,Y4618,EL MORENO
5113,French,225,T4105,LOS ALCARACES
5114,Laprida,334,Y4603,EL SUNCHAL (PERICO DEL CARMEN
5115,Pueyrredón,81,D5713,LA PLATA
5116,Mitre,877,B6643,COLONIA PALANTELEN
5117,O'Higgins,721,B8103,INGENIERO WHITE
5118,Güemes,882,G4189,LA TALA
5119,Laprida,209,T4187,CEJA POZO
5120,O'Higgins,839,D6216,LA CHERINDU
5121,Alberdi,964,B6450,BARRIO OBRERO (PEHUAJO
5122,Moreno,460,S3081,CAVOUR
5123,Laprida,427,W3416,ARROYO CEIBAL
5124,Güemes,247,B1815,KILOMETRO 88 (APEADERO FCGR.
5125,Tucumán,74,G2354,EL CHARABON
5126,Chile,718,B6062,LOS CALLEJONES (ESTACION FCGM.)
5127,Sarmiento,305,X5131,CAÑADA DE SAN ANTONIO
5128,O'Higgins,715,N3326,EL DESTIERRO
5129,Tucumán,123,G4322,SAN VICENTE (FERNANDEZ
5130,Laprida,806,X5935,VILLA ASCASUBI
5131,Rivadavia,61,P3636,SANTA TERESA
5132,Belgrano,924,F5473,POZO DE LA PIEDRA
5133,España,362,G4361,EL PALOMAR (VILLA BRANA
5134,San Martín,582,K4700,LOMA CORTADA
5135,Dorrego,99,X5291,EL RODEO (SAN CARLOS MINAS
5136,Güemes,887,B7116,PILA
5137,Güemes,116,E3248,ESTACION URQUIZA
5138,Güemes,701,N3370,IGUAZU
5139,Sarmiento,829,P3636,EL CHORRO
5140,Güemes,955,E3254,COLONIA SAN ERNESTO
5141,Lavalle,995,T4142,LOS ROBLES
5142,Alsina,529,K4751,EL TIO
5143,Rivadavia,941,S2600,SAN MARCOS DE VENADO TUERTO
5144,Güemes,298,B8101,CALDERON
5145,Chile,418,B1852,BARRIO ARZENO
5146,French,51,B2700,BARRIO 25 DE MAYO
5147,Belgrano,498,B6001,RAFAEL OBLIGADO
5148,Tucumán,593,B6230,LOS LAURELES (ESTACION FCGB.)
5149,Lavalle,108,B6601,ALTAMIRA
5150,Pueyrredón,37,Y4631,PALCA DE APARZO
5151,España,250,P3636,SOLDADO ALBERTO VILLALBA
5152,Rivadavia,956,P3601,EL GATO
5153,Güemes,252,Z9013,CAÑADON SECO
5154,España,870,W3196,JESUS MARIA
5155,Rivadavia,802,A4425,CEVILAR
5156,French,523,F5386,PATQUIA
5157,San Martín,262,E3216,COLONIA HEBREA
5158,Pueyrredón,593,R8400,PUERTO PICHI MAHUIDA
5159,Belgrano,411,B1852,BARRIO EL HORNERO
5160,Lavalle,60,X5949,LUIS 1º
5161,Dorrego,206,X5137,LOS AVILES
5162,España,905,G4356,LLAJTA MAUCA
5163,Moreno,78,X5893,ALTO GRANDE
5164,Belgrano,763,K4235,LAS JUSTAS
5165,San Martín,610,E3151,LA LOMA
5166,España,199,T4142,MONTEROS
5167,Alberdi,63,G4350,REPECHO MONTENEGRO
5168,Chile,885,K4723,LA AGUADA (ALIJILAN-DPTO.SANTA ROSA)
5169,Alberdi,49,G5250,CARRERA VIEJA
5170,Tucumán,916,E3144,ALCARAZ 1º
5171,Dorrego,701,K4231,EL CENTENARIO
5172,Chile,475,B7531,EL DIVISORIO
5173,Chile,978,W3465,CAZADORES CORRENTINOS
5174,Chile,424,R8417,LA ANGOSTURA
5175,Alsina,512,D5701,VIRARACO
5176,Laprida,537,Z9310,CAÑADON ONCE DE SEPTIEMBRE
5177,Alberdi,626,R8536,EL SALADO
5178,Dorrego,187,D5701,MANANTIAL BLANCO
5179,Saavedra,481,B6531,SMITH
5180,O'Higgins,771,K4750,CORTADERA
5181,Chile,627,L6361,LA VICTORIA (AGUSTONI
5182,Dorrego,121,T4142,EL QUEBRACHITO
5183,Güemes,268,W3302,LOMA POY
5184,Rivadavia,771,X5145,PASO CASTELLANOS
5185,Mitre,827,F5385,TAMA
5186,Urquiza,499,S2311,CONSTANZA
5187,Alberdi,968,W3302,LAS TRES HERMANAS
5188,España,934,S2315,ESTACION SAGUIER
5189,Chile,889,H3534,LA ESPERANZA
5190,Pueyrredón,748,E2805,ARROYO BRASILERO
5191,Belgrano,967,K4707,LAS ESQUINAS
5192,Pueyrredón,434,G4319,VERON
5193,Belgrano,419,R8364,SAN PABLO
5194,Mitre,994,D5721,PASO ANCHO
5195,Belgrano,516,N3360,YERBAL VIEJO SECCION 1
5196,Laprida,396,H3524,LA POSTA
5197,Alsina,22,X5801,LAS COLECITAS
5198,España,448,X5801,LA VERONICA
5199,Saavedra,42,S2349,COLONIA RIPAMONTI
5200,Alberdi,29,E3177,ESTABLECIMIENTO SAN EUSEBIO
5201,Rivadavia,968,G5251,LA PUERTA
5202,Lavalle,265,S2349,COLONIA RIPAMONTI
5203,O'Higgins,909,M5521,VILLA NUEVA DE GUAYMALLEN
5204,Mitre,434,X5989,BAJO DEL CARMEN
5205,Belgrano,768,G4205,SAN AGUSTIN (LAPRIDA
5206,San Martín,862,P3626,JUAN JOSE PASO
5207,Chile,358,Z9400,LUBECKE
5208,Sarmiento,305,Y4626,HUACALERA
5209,España,944,S3051,EL PAJARO BLANCO
5210,España,803,B6439,LURO
5211,Mitre,162,K5261,NAVAGUIN
5212,Tucumán,215,Q8347,EL ATRAVESADO
5213,Moreno,365,X2624,ARIAS
5214,Alberdi,47,X2650,COLONIA LA GENOVESA
5215,Lavalle,813,K5261,LA VALENTINA
5216,O'Higgins,706,Y4643,LA VETA (MINA PIRQUITAS - DPTO. RINCONADA)
5217,Alsina,307,N3353,INVERNADA CHICA
5218,O'Higgins,575,Q8351,COVUNCO ABAJO
5219,Laprida,440,B2930,LAS CANALETAS
5220,Moreno,773,G4338,SAN FRANCISCO LAVALLE
5221,Tucumán,58,A4535,EL DESTIERRO
5222,Urquiza,698,U9121,PUNTA NORTE
5223,O'Higgins,628,X5801,LAS COLECITAS
5224,Saavedra,330,G5253,PUNUITA NORTE
5225,Alsina,750,E2841,KILOMETRO 303 (APEADERO FCGU)
5226,Moreno,133,U9207,ARROYO GUILLAIA
5227,Alsina,213,K4139,LA OLLADA
5228,O'Higgins,130,E2854,LARROQUE
5229,Belgrano,909,G3749,EL VALLE
5230,Güemes,235,W3403,SOMBRERO
5231,Güemes,376,B2718,LIERRA ADJEMIRO
5232,Urquiza,251,B2933,PEREZ MILLAN
5233,Tucumán,377,B3403,SANTOS LUGARES
5234,Sarmiento,245,A4419,TOMUCO
5235,Moreno,756,B1649,LAGUNA LAGUNITA
5236,Sarmiento,755,Y4630,HUMAHUACA
5237,Alsina,863,B6015,GENERAL VIAMONTE
5238,French,55,R8415,AGUADA TRONCOSO (EMBARCADERO FCGR)
5239,French,124,G4205,SAN RAMON (LAPRIDA-DPTO.CHOYA)
5240,Chile,731,S2919,ESTACION VILLA CONSTITUCION
5241,Laprida,660,E3269,COLONIA SANTA ELENA
5242,O'Higgins,635,D5753,EL PUERTO
5243,Laprida,492,X5807,PASTOS ALTOS
5244,Pueyrredón,124,S2506,KILOMETRO 49 (APEADERO FCGM
5245,Chile,487,A4535,ALTO VERDE
5246,Moreno,954,W3302,SAN ANTONIO (ITUZAINGO
5247,Sarmiento,401,G4354,LA LOMA (HURITU HUASI
5248,Sarmiento,969,X5129,CAPILLA LA ESPERANZA
5249,Lavalle,964,F5301,POZO DE LA YEGUA
5250,Alsina,106,B1714,ITUZAINGO ESTAFETA No.3
5251,Alberdi,56,G5251,SANTO DOMINGO CHICO
5252,Belgrano,949,T4178,EL GUAYACAN
5253,Güemes,608,B6665,ERNESTINA
5254,Urquiza,724,A4190,LA MATILDE
5255,Chile,935,Y4650,LA CIENAGA (LA QUIACA - DPTO. YAVI)
5256,Laprida,589,X6270,MELIDEO (EMBARCADERO FCDFS)
5257,San Martín,600,B8185,COLONIA LEVEN
5258,Alsina,201,B1901,INGENIERO RODOLFO MORENO (APEADERO FCGB)
5259,Laprida,147,T4122,PUESTO GRANDE
5260,Laprida,445,X5000,BARRIO PARQUE CHATEAU CARRERAS
5261,Mitre,93,F5470,ESTACION CHEPES
5262,Rivadavia,233,Z9310,BAJO FUEGO
5263,Alsina,190,E3142,COLONIA AVIGDOR
5264,Urquiza,695,W3448,ROSADO GRANDE
5265,Moreno,39,T4111,ROSARIO OESTE (PALA PALA
5266,Dorrego,471,N3332,COLONIA LA OTILIA
5267,Dorrego,860,R8422,EL CAIN
5268,French,329,L6352,PUEBLO QUINTANA
5269,Pueyrredón,30,N3317,BONPLAND
5270,San Martín,858,T4142,SANTA CATALINA
5271,Chile,360,G3766,KILOMETRO 454 (APEADERO FCGB)
5272,Alberdi,79,X5885,EL ALTO (VILLA DE LAS ROSAS
5273,Dorrego,59,J5423,VILLA SANTA ANITA
5274,Saavedra,776,B1649,RIO CARAPACHAY
5275,Chile,470,J5449,MAJADITA
5276,Güemes,898,B7167,PINAMAR ESTAFETA Nº2
5277,Pueyrredón,833,S2119,ERASTO
5278,Alsina,539,L8206,LA COLORADA CHICA
5279,Alberdi,948,B2802,INGENIERO ROMULO OTAMENDI
5280,San Martín,981,B1907,EL PINO
5281,Belgrano,61,U9107,CERRO ROTO
5282,O'Higgins,43,X5901,ARROYO DEL PINO
5283,Chile,520,G4321,KILOMETRO 364 (DESVIO PARTICULAR FCGM)
5284,Alsina,177,G4221,YUTO YACA
5285,España,153,F5470,ABRA VERDE
5286,Lavalle,873,X5201,EL CARRIZAL (CHUÑAGUASI
5287,Sarmiento,36,G4313,VILLA ELENA
5288,Dorrego,429,B6665,ERNESTINA
5289,Laprida,926,K4715,LOS MOLLES (EL RODEO
5290,French,620,S3014,SETUBAL (APEADERO FCGB)
5291,Belgrano,908,T4242,PUESTO LOS PEREZ
5292,Alberdi,782,X5000,BARRIO KENNEDY
5293,O'Higgins,750,W3340,ITA-CUA
5294,Tucumán,969,B2935,INGENIERO MONETA
5295,Lavalle,554,A4193,BUENA VISTA (LAS SALADAS - DPTO. ROSARIO DE LA FRONTERA)
5296,Sarmiento,679,F5301,SAN RAFAEL (EL BARREAL
5297,Saavedra,583,E2854,PEHUAJO SUD
5298,Saavedra,738,R8138,EL AGUILA
5299,Urquiza,958,M5519,CORONEL DORREGO
5300,Saavedra,459,U9120,PUNTA QUIROGA
5301,French,379,G4328,SAN JOSE-AVELLANEDA
5302,Belgrano,584,A4449,BARREALITO
5303,Lavalle,703,S3016,SANTO TOME
5304,Rivadavia,767,S2103,PUEBLO NAVARRO
5305,Mitre,706,B7401,SIERRA CHICA
5306,Moreno,471,Q8300,BARRIO MIKALCIUS
5307,French,376,N3327,HEKENAN
5308,España,401,E3206,CHAVIYU (PARADA FCGU)
5309,Belgrano,874,D5711,LAS PUERTAS
5310,España,557,T4176,LOS CERCOS
5311,Belgrano,863,F5301,VILLA BUSTOS
5312,Sarmiento,650,Y4605,LA CABAÑA
5313,Moreno,425,G4356,TARUY
5314,Moreno,749,W3483,CATALAN CUE
5315,Pueyrredón,362,G4301,GUARCAN
5316,Belgrano,413,K4139,FAMABALASTRO
5317,O'Higgins,760,X5249,LA RINCONADA (LOS HOYOS-DPTO.RIO SECO)
5318,Laprida,995,X2564,MONTE LEÑA
5319,Belgrano,557,D5705,RODEO CADENAS
5320,Urquiza,297,X5111,VILLA SAN MIGUEL
5321,Chile,116,Y4522,BARRIO NEGRO
5322,Tucumán,400,B7130,EL RINCON (CHASCOMUS
5323,San Martín,858,X5212,EL TALITA (VILLA GUTIERREZ
5324,Mitre,729,A4449,BARREALITO
5325,Chile,962,W3466,IBAVIYU
5326,Urquiza,43,K4231,PUESTO DE LOS MORALES
5327,San Martín,640,T4111,CEVILARCITO
5328,San Martín,110,X5231,SEBASTIAN ELCANO
5329,Mitre,202,T4146,VILLA ALVEAR
5330,Lavalle,970,J5442,LOTES RIVERA
5331,Alsina,721,E3181,VILLAMIL
5332,Güemes,944,R8534,SIERRA BLANCA
5333,Chile,965,D5733,VILLA REYNOLDS
5334,Pueyrredón,930,Y4644,PULPERA
5335,Laprida,334,B8133,AVESTRUZ
5336,French,128,A4193,ALMIRANTE BROWN
5337,Chile,508,D5707,LAS PAMPITAS
5338,Mitre,918,E3212,ARROYO EL MOCHO
5339,Mitre,419,R8411,LAGUNA FRIAS
5340,Tucumán,635,T4122,DESMONTE
5341,Güemes,597,X5285,EL CARRIZAL (LA HIGUERA
5342,Pueyrredón,344,S2240,CARCEL MODELO CORONDA
5343,Alberdi,890,A4425,LOS CHURQUIS (GUACHIPAS
5344,Saavedra,129,R8401,VILLA MASCARDI
5345,Urquiza,739,X5875,PUEBLITO
5346,Sarmiento,637,P3620,SALADO
5347,Laprida,809,T4119,LA CRUZ
5348,Alberdi,302,E3218,VILLAGUAYCITO
5349,Güemes,254,T4103,EL ZANJON
5350,Sarmiento,361,U9121,LAGUNA FRIA
5351,Belgrano,892,P3624,CAMPO AZCURRA
5352,Laprida,959,J5411,SANTA LUCIA
5353,España,417,B1885,GUILLERMO E. HUDSON
5354,French,280,G4208,SAN JOSE (LORETO
5355,Alberdi,993,E3263,KILOMETRO 283 (APEADERO FCGU)
5356,Pueyrredón,21,B1804,EZEIZA
5357,Chile,458,X2559,CINTRA
5358,Laprida,443,D5759,LA SUIZA
5359,Alberdi,456,W3432,PROGRESO
5360,Alberdi,215,M5535,SAN JOSE-LAVALLE
5361,Dorrego,275,B7521,LOMA DEL INDIO
5362,España,712,B7005,LA AZUCENA
5363,Alberdi,320,K4751,PUERTA DEL CORRAL QUEMADO
5364,O'Higgins,247,Y4655,SAN FRANCISCO
5365,French,337,F5385,LOS ALGARROBOS
5366,Sarmiento,622,D5701,LAS CHACRAS DE SAN MARTIN (DPTO. LA CAPITAL)
5367,Saavedra,641,Z9400,ESTANCIA CARMEN
5368,Belgrano,214,N3384,MONTECARLO
5369,Pueyrredón,864,B7212,PARDO
5370,Rivadavia,174,B2705,PIRUCO
5371,Lavalle,467,N3363,ALBA POSSE
5372,Urquiza,610,B7163,LA ESPERANZA (GRAL.MADARIAGA
5373,Urquiza,409,X5216,LUCIO V. MANSILLA
5374,Dorrego,267,R8138,SANTA ANA
5375,Pueyrredón,483,H3716,LAS CHUÑAS
5376,Dorrego,908,S3072,LUCILA
5377,San Martín,917,S6039,CHRISTOPHERSEN
5378,Alberdi,687,W3423,PASO LUCERO
5379,San Martín,537,N3317,PICADA SAN MARTIN (BONPLAND
5380,Lavalle,231,H3516,ESTANCIA LA AURORA
5381,Alberdi,979,B7600,BARRIO CONSTITUCION
5382,Güemes,818,G3062,EL ONCE
5383,Tucumán,331,H3722,COLONIA JUAN LAVALLE
5384,Laprida,268,B1713,PARQUE SUMAMPA
5385,Chile,902,G4208,LA REVANCHA
5386,French,824,T4242,SANTA ROSA (PUESTO LOS PEREZ
5387,Alberdi,387,E1647,ARROYO SAGASTUME GRANDE
5388,Sarmiento,360,B1665,BARRIO IRIGOIN
5389,Moreno,231,S2123,COLONIA CLODOMIRA
5390,Moreno,105,A4400,BARRIO MITRE
5391,Mitre,62,X5839,PUNTA DEL AGUA (ESTACION PUNTA DEL AGUA-DPTO.RIO CUARTO)
5392,Chile,430,T4158,MARAPA
5393,Güemes,726,N3364,AIRSTOBULO DEL VALLE
5394,Belgrano,602,B6643,COLONIA PALANTELEN
5395,Pueyrredón,813,X6141,COLONIA LA CARMENCITA
5396,Tucumán,513,T4113,LOS HERRERAS
5397,Chile,342,B2700,PERGAMINO ESTAFETA Nº4
5398,French,633,B2946,GOBERNADOR CASTRO
5399,French,884,Q8373,CHACABUCO
5400,Dorrego,492,S3080,LA ORILLA
5401,Rivadavia,111,S3036,ESTER
5402,Dorrego,455,H3731,SANTA ELVIRA
5403,Laprida,242,Q8315,NOGUEIRA
5404,Lavalle,157,K4724,LOS PUESTOS (MIRAFLORES-DPTO.CAPAYAN)
5405,San Martín,757,Z9051,ESTANCIA LA ESTRELLA
5406,Alsina,861,E3246,COLONIA PERLIZA
5407,French,746,G4189,EL CAJON
5408,Güemes,587,A4561,SAN BERNARDO (SANTA VICTORIA-RIVADAVIA - DPTO. RIVADAVIA)
5409,French,818,X5272,PINAS
5410,Moreno,784,W3476,LA AGRIPINA
5411,Chile,851,U9007,LA SALAMANCA
5412,O'Higgins,108,B1617,GENERAL PACHECO
5413,San Martín,844,J5449,LOS CHAVES
5414,España,981,W3342,EL CARMEN (GDOR. ING. VALENTIN VIRASORO
5415,San Martín,121,A4535,PASO EL MILAGRO SAN ANICETO
5416,Belgrano,612,A4198,ARENAL (DPTO. ROSARIO DE LA FRONTERA)
5417,Rivadavia,290,H3701,MALBALAES (LOTE 55 Y 56)
5418,Dorrego,861,E3105,PUERTO DIAMANTE
5419,Sarmiento,450,B1684,EL PALOMAR ESTAFETA No.4
5420,French,301,G5255,LIMACHE
5421,Pueyrredón,664,W3412,MATILDE
5422,Pueyrredón,723,L8138,SALINAS GRANDES (ANZOATEGUI
5423,Alberdi,825,B1900,BARRIO NUEVO (LA PLATA
5424,Lavalle,754,J5401,VILLA CORRAL
5425,Chile,973,G5251,PALERMO (CHACRAS
5426,Mitre,906,A4440,LA AGUADITA
5427,San Martín,94,S3060,FORTIN ARGENTINA
5428,Tucumán,461,B1649,ARROYO CARNICERO
5429,Sarmiento,32,Y4605,CEIBAL
5430,Güemes,915,X2661,LAS PLAYAS (ISLA VERDE-DPTO.MARCOS JUAREZ)
5431,Rivadavia,954,B1879,QUILMES OESTE ESTAFETA Nº1
5432,Chile,947,S2000,BARRIO GODOY
5433,Alsina,75,U9203,LOS CIPRESES (DPTO. FUTALEUFU)
5434,Urquiza,137,E3204,CHAVIYU COLONIA FLORES
5435,French,948,G4338,BAYO MUERTO
5436,O'Higgins,825,B7600,EL MARTILLO
5437,Dorrego,660,N3315,PICADA GRAL. LOPEZ
5438,Sarmiento,736,S2000,EMPALME GRANEROS
5439,Urquiza,42,G4301,SAN JOSE (BANDERA BAJADA
5440,Moreno,987,T4158,LOS GUAYACANES
5441,French,146,G4350,SAN PEDRO (SUNCHO CORRAL
5442,Saavedra,541,T4000,BARRIO NICOLAS AVELLANEDA
5443,San Martín,910,X5281,POZO DEL SIMBOL (MEDIA NARANJA-DPTO.CRUZ DEL EJE)
5444,Alberdi,373,L6303,CHAPALCO
5445,O'Higgins,53,S3032,NELSON
5446,España,574,A4423,SANTA GERTRUDIS
5447,Belgrano,138,G4203,LA PUNTA
5448,Mitre,392,X5249,EL ALGARROBAL
5449,Mitre,956,D5703,EL CHAÑAR (EL MILAGRO
5450,Saavedra,709,S3013,COLONIA MATILDE
5451,Sarmiento,452,X5137,LOMAS DEL TROZO
5452,España,855,B8109,PEHUEN CO
5453,Mitre,741,S2605,RASTREADOR FOURNIER (ESTACION FCGM)
5454,O'Higgins,322,Y4501,LOMA PELADA
5455,San Martín,695,D6279,VIVA LA PATRIA
5456,Laprida,621,X5893,PANAHOLMA
5457,España,359,T4129,CAÑADA
5458,Rivadavia,573,W3403,KILOMETRO 55 (EMBARCADERO FCGU)
5459,Moreno,52,R8417,LA ANGOSTURA
5460,Chile,362,P3611,LAGUNA NAICK NECK
5461,Tucumán,891,P3613,COLONIA ALFONZO
5462,French,679,W3463,LOMA ALTA (SAUCE
5463,Alberdi,59,M5523,BUENA NUEVA
5464,San Martín,729,G5257,PUERTA DEL MONTE
5465,Alberdi,240,T4162,CASA VIEJA
5466,Laprida,453,B7631,QUEQUEN
5467,Alsina,965,X5871,CHUA
5468,España,679,S2200,PUERTO SAN LORENZO
5469,Laprida,980,N3350,CHIRIMAY
5470,Dorrego,666,E3216,EL AVESTRUZ
5471,Belgrano,433,T4000,BARRIO LOS PINOS
5472,Lavalle,679,X2421,COLONIA TACURALES
5473,Belgrano,188,K4723,POZO DEL ALGARROBO
5474,Pueyrredón,96,N3381,PUERTO DELICIA
5475,Rivadavia,82,D5743,NUEVA ESCOCIA
5476,Alsina,183,X5284,CHACRAS DEL POTRERO
5477,Dorrego,817,B1872,LA COSTA (SARANDI
5478,Rivadavia,449,L6311,LAS QUINTAS
5479,San Martín,777,X5870,CHAQUINCHUNA
5480,Alsina,254,Q8322,PUEBLO NUEVO
5481,España,900,B6005,LA HUAYQUERIA
5482,Laprida,620,D5724,EL MILAGRO (CHOSMES
5483,Lavalle,52,T4105,CUATRO SAUCES
5484,Alsina,324,G3064,DON PIETRO
5485,Laprida,691,S3561,LA VANGUARDIA (MOUSSY
5486,Rivadavia,916,A4423,SAN JOSE DE LA VIÑA
5487,San Martín,938,Y4641,TAMBILLOS
5488,Moreno,700,E3260,ESTACION URUGUAY
5489,Belgrano,908,W3230,LA HAYDEE
5490,Dorrego,450,W3401,SAN JOSE (INGENIO PRIMER CORRENTINO - DPTO. SAN COSME)
5491,Belgrano,535,T4172,MOTHE
5492,Alberdi,416,S2313,DOCE CASAS
5493,Saavedra,105,D5738,LA TULA
5494,Tucumán,728,W3302,COLONIA URDANIZ
5495,Saavedra,894,X6275,LOS ALFALFARES (APEADERO FCGSM)
5496,Rivadavia,979,Z9400,CORONEL GUARUMBA
5497,Mitre,605,Z9400,MENDE AIKE
5498,Pueyrredón,768,E3285,SANTA INES (BERDUC- DPTO.COLON)
5499,Moreno,525,B1759,LOMAS DE GARONE
5500,Tucumán,202,W3480,LA LOMA (ITA-IBATE
5501,Güemes,944,B2900,SAN NICOLAS SUCURSAL Nº1
5502,Belgrano,852,E3116,KILOMETRO 45 (APEADERO FCGU
5503,Tucumán,410,A4535,EL SOLDADITO
5504,Urquiza,230,R8400,SAN CARLOS DE BARILOCHE
5505,Rivadavia,273,L6303,RAMON QUINTAS
5506,Pueyrredón,647,S3569,LA CELIA (BERNA
5507,Alsina,855,D5722,LA MARIA
5508,Mitre,313,W3448,BARRIO ALTO
5509,Urquiza,293,N3317,COLONIA FINLANDESA
5510,Sarmiento,336,S3061,KILOMETRO 389
5511,Belgrano,75,S2303,KILOMETRO 85
5512,French,528,X5988,INDEPENDENCIA
5513,Chile,201,E3181,MOREIRA
5514,Laprida,221,S3080,LA ORILLA
5515,Sarmiento,780,Y4605,LA TOMA
5516,Dorrego,722,P3611,PIGO
5517,Saavedra,432,S2618,CARMEN
5518,San Martín,684,K5340,LOS GUAYTIMAS
5519,Urquiza,332,X5281,LA LILIA
5520,Alberdi,259,X5864,VILLA NATURALEZA
5521,French,427,D5721,EL SOCORRO (VARELA
5522,España,603,A4434,JURAMENTO
5523,Pueyrredón,969,X5284,CACHIYULLO
5524,Dorrego,281,G4205,EL SEÑUELO
5525,Chile,599,W3450,ARROYO CARANCHO
5526,Urquiza,956,A4427,SAN CARLOS
5527,Laprida,472,U9020,LAS PULGAS
5528,España,400,E3150,VILLA 3 DE FEBRERO
5529,Alsina,175,B7605,LAS PIEDRITAS (MECHONGUE
5530,Moreno,795,W3302,SAN JERONIMO
5531,Alberdi,594,W3302,RINCON CHICO
5532,French,874,Z9011,BAHIA LANGARA
5533,Lavalle,549,A4452,GAONA
5534,Mitre,787,T4113,EL GUARDAMONTE
5535,Tucumán,824,B2346,ESTINGANA
5536,Alberdi,301,B6516,FRENCH
5537,Lavalle,824,K4701,EL VALLECITO (TACO
5538,Saavedra,191,X5189,POTRERO DE GARAY
5539,Pueyrredón,135,B6661,MAMAGUITA
5540,Chile,492,A4552,ANTONIO QUIJARRO (APEADERO FCGB)
5541,Lavalle,247,M5500,CERRO DE LA GLORIA
5542,San Martín,764,K4740,RODEO GRANDE
5543,Laprida,826,T4105,EL CATORCE
5544,Güemes,890,S2303,ANGELICA VIEJA
5545,Mitre,513,D5730,MARLITO
5546,Chile,858,W3230,LA VERDE
5547,Urquiza,466,B8117,EL CORTA PIE
5548,Lavalle,297,W3463,LA PORTEÑA
5549,French,528,R8514,NUEVO LEON
5550,Dorrego,951,X5199,MAR AZUL
5551,Pueyrredón,816,E3262,CASEROS
5552,Sarmiento,490,H3514,HIVONNAILT (APEADERO FCGB)
5553,French,568,X6119,MONTE RALO
5554,Rivadavia,369,U9121,LAGUNA DE VACAS
5555,French,494,G4351,CAMPO VERDE (WEISBURD
5556,Moreno,146,B7005,CLARAZ
5557,Chile,706,N3316,LORETO
5558,Rivadavia,942,X5221,MULA MUERTA
5559,Laprida,904,W3407,PASO FLORENTIN
5560,Sarmiento,373,M5535,BAJADA ARAUJO
5561,O'Higgins,737,R8400,COLONIA SUIZA
5562,Alberdi,840,X5299,EL CARRIZAL (POCHO
5563,Güemes,65,W3416,KILOMETRO 504 (APEADERO FCGU)
5564,O'Higgins,197,B7600,LAGUNA DEL SOLDADO
5565,Moreno,659,D6179,SAN ISIDRO (BATAVIA
5566,Alberdi,852,K4707,VILLA DOLORES
5567,Mitre,124,T4111,CORTADERAL
5568,Alberdi,850,G5257,LOS CAÑOS
5569,España,352,B1824,GERLI (PDO. LANUS)
5570,Saavedra,656,S3000,BARRIO CABAÑA LEIVA
5571,Urquiza,344,D5724,LOS JAGUELES
5572,San Martín,331,R8363,CAÑADON DE LOS SAUCES
5573,Chile,864,B1828,BARRIO PROVINCIAS UNIDAS
5574,Tucumán,477,S2508,ARMSTRONG
5575,Laprida,700,W3405,KILOMETRO 151 (FCGU)
5576,San Martín,734,G4302,COLONIA
5577,Laprida,320,W3423,YAGUARU
5578,Mitre,31,B6612,HARAS LA ELVIRA
5579,French,442,M5533,EL RETIRO (LAVALLE
5580,Urquiza,459,W3401,LAGUNA BRAVA
5581,French,221,X5231,LAS MASITAS
5582,Pueyrredón,528,M5517,LUNLUNTA
5583,Alsina,45,L6381,LOTE 25 (CONELO)
5584,San Martín,80,G5250,POZO DEL CHAÑAR (OJO DE AGUA
5585,Mitre,389,K5261,LA TIGRA
5586,Urquiza,933,E3101,ALDEA PROTESTANTE
5587,Saavedra,476,X5009,BARRIO ALTO VARELA
5588,Güemes,391,W3465,CAPIRARI
5589,Urquiza,113,S3014,KILOMETRO 35 (APEADERO FCGB)
5590,Alsina,416,D5750,EL ROSARIO
5591,Pueyrredón,38,B8144,KILOMETRO 697 (APEADERO FCGR.)
5592,Urquiza,394,Z9400,ESTANCIA CARMEN
5593,Pueyrredón,42,Q8370,EL OASIS
5594,Saavedra,956,N3355,COLONIA CAPON BONITO
5595,O'Higgins,600,A4533,HIPOLITO YRIGOYEN
5596,O'Higgins,845,R8332,COLINIYEN
5597,Dorrego,476,B1636,BARTOLOME MITRE (ESTACION FCGM)
5598,Urquiza,131,G2356,PUNTA DEL GARABATO
5599,Güemes,378,E3248,SANTA ANITA
5600,Belgrano,536,G5251,NARANJITOS
5601,Lavalle,644,G4200,CONTRERAS (ESTABLECIMIENTO)
5602,Urquiza,477,X5837,CHAJAN
5603,O'Higgins,875,B6600,BARRIO POZZI Y PIN
5604,Pueyrredón,529,B8504,POZO CRESPO
5605,Dorrego,502,K5341,ANILLACO
5606,Mitre,106,S3080,LA ORILLA
5607,Urquiza,225,D5715,EL BARRIAL
5608,Mitre,469,S2123,VILLA PORUCCI
5609,French,721,S3516,CAMPO VERGE
5610,O'Higgins,379,G4301,EL CERRITO
5611,Pueyrredón,282,X5216,KILOMETRO 931 (EMBARCADERO FCGB)
5612,Sarmiento,502,X5900,VILLA MARIA
5613,San Martín,51,X5936,CAPILLA SAN ANTONIO DE YUCAT
5614,Alberdi,659,E3114,ESCUELA ALBERDI
5615,Rivadavia,291,G4350,SAN RAMON (SUNCHO CORRAL-DPTO.MATARA)
5616,Urquiza,240,Y4650,SANSANA
5617,San Martín,627,K4751,CORRAL QUEMADO
5618,Mitre,660,G4326,POZO MERCADO
5619,Dorrego,283,X5209,JARILLAS
5620,Rivadavia,392,W3232,GUAVIRAVI
5621,Mitre,578,G4300,BARRIO ESTE
5622,San Martín,718,H3730,IPORA GUTZU
5623,Urquiza,508,S2253,SAN EUGENIO
5624,Lavalle,423,W3403,TRIPOLI
5625,Dorrego,586,B2907,CONESA
5626,San Martín,612,B8504,EL BAGUAL
5627,San Martín,809,J5442,LOTES RIVERA
5628,España,95,S3054,FIVES LILIE
5629,French,922,B1722,LOMA FLORIDA
5630,Alberdi,742,M5607,TABANERA
5631,Moreno,609,A4411,JUNCAL
5632,Güemes,73,T4111,CORTADERAL
5633,Alberdi,780,B8109,PUNTA ALTA ESTAFETA Nº1
5634,Belgrano,352,F5300,AMILGANCHO
5635,San Martín,203,U9009,EL SINDICATO
5636,Pueyrredón,706,L8212,LA VICTORIA (HUCAL
5637,Urquiza,445,G4208,TORTOLA
5638,Mitre,713,B6555,CORONEL MARCELINO FREYRE
5639,Lavalle,251,B6450,ROVIRA
5640,Lavalle,523,A4423,EL QUEMADO (CHICOANA
5641,Belgrano,663,G5253,MEDANOS
5642,O'Higgins,887,S3572,CAMPO RAMSEYER
5643,Alberdi,405,S3001,COLASTINE
5644,Mitre,77,G5250,MANFLOA
5645,Pueyrredón,687,X5801,LAS ALBAHACAS
5646,Belgrano,739,A4425,LA POBLACION (GUACHIPAS - DPTO. GUACHIPAS)
5647,Alberdi,719,B7260,BARRIO VILLA SALADILLO
5648,Saavedra,171,G4201,ISLA DE ARAGONES
5649,Alberdi,148,J5438,PUENTE RIO SAN JUAN
5650,Urquiza,538,L6385,COLONIA EL TIGRE
5651,Tucumán,298,X5875,COME TIERRA
5652,Belgrano,277,W3222,SAN FERNANDO (JUAN PUJOL - DPTO. MONTE CASEROS)
5653,French,967,G5253,POZO DEL CHAÑAR (SAN CARLOS
5654,French,648,B7243,ANTONIO CARBONI
5655,Güemes,72,E3156,CAMPO ESCALES
5656,French,710,L8200,LOTE 18 (GRAL. ACHA
5657,Tucumán,697,G4302,KISKA HURMANA
5658,Güemes,223,P3604,SAN HILARIO
5659,Rivadavia,91,B6503,KILOMETRO 234
5660,French,544,P3601,EL ARBOLITO
5661,Tucumán,899,K4700,LAS TEJAS DEL VALLE VIEJO
5662,Alsina,192,T4158,LA CALERA
5663,Dorrego,503,S2451,SAN JORGE
5664,Dorrego,823,D5701,SANTA CLARA (LOS MEMBRILLOS
5665,Güemes,970,G4220,ANJULI
5666,French,381,W3471,COLONIA CARLOS PELLEGRINI
5667,Urquiza,116,T4149,JAYA
5668,O'Higgins,354,S2341,LA ELSA
5669,Saavedra,962,R8324,BARDA CHICA
5670,España,248,N3360,VILLA BLANQUITA
5671,Güemes,140,U9037,ALTO RIO MAYO
5672,Mitre,430,B8103,SPURR
5673,Rivadavia,168,W3340,KILOMETRO 459 (APEADERO FCGU)
5674,O'Higgins,89,G4205,BELTRAN-LORETO
5675,Dorrego,792,K5265,CHACRITAS
5676,Moreno,955,X5142,LA CAUTIVA
5677,Pueyrredón,599,Q8315,CERRO HORQUETA
5678,Tucumán,935,J5425,VILLA RACHEL
5679,Güemes,315,E3174,KILOMETRO 180 (APEADERO FCGU)
5680,San Martín,126,L6319,CHACRAS DE VICTORICA
5681,San Martín,169,B7406,LAS MARTINETAS
5682,Lavalle,563,K4701,SANTA GERTRUDIS
5683,España,474,A4537,LA ESTRELLA
5684,O'Higgins,993,B1806,BARRIO VISTA ALEGRE (TRISTAN SUAREZ
5685,O'Higgins,505,D5705,CONSULTA
5686,Lavalle,981,F5275,LAS PALOMAS
5687,Moreno,61,H3722,LOS CERRITOS
5688,España,526,X5231,SEBASTIAN ELCANO
5689,Belgrano,47,K5345,LA AGUADITA (FIAMBALA-DPTO.TINOGASTA)
5690,Belgrano,42,T4103,LA TOMA (TAFI VIEJO
5691,Urquiza,931,E3100,BARRIO LA BOLSA
5692,Mitre,124,S2111,SANTA TERESA (DEPTO.CONSTITUCION)
5693,España,608,X5133,CAÑADA ANCHA (STA. ROSA DE RIO PRIMERO
5694,Moreno,51,X5871,SAN MIGUEL (CHANCANI-DPTO.POCHO)
5695,Laprida,697,M5600,EL CERRITO
5696,Güemes,339,X5848,LAS ACEQUIAS
5697,Pueyrredón,953,F5301,ISMIANGO
5698,Tucumán,946,G4350,NUEVA GRANADA (SUNCHO CORRAL
5699,Pueyrredón,502,X5137,PLAZA DE MERCEDES
5700,Chile,607,P3603,GENERAL PABLO RICCHIERI
5701,O'Higgins,273,Y4605,CEIBAL
5702,Rivadavia,230,G4302,LOS GALLARDOS
5703,Rivadavia,401,X7531,DESPEÑADEROS
5704,Chile,249,M5553,RIO BLANCO
5705,Dorrego,917,X5212,LAS PIEDRAS ANCHAS
5706,French,989,X2424,COLONIA EL TRABAJO
5707,Laprida,164,B7403,CERRO SOTUYO
5708,French,926,B2901,LA EMILIA (PDO. SAN NICOLAS)
5709,Güemes,943,Q8353,CAEPE MALAL
5710,Rivadavia,938,L8336,COSTA DEL RIO COLORADO
5711,Chile,39,X5186,LA ISLA (ALTA GRACIA-DPTO.SANTA MARIA)
5712,Lavalle,906,L6305,LA CATALINITA
5713,España,185,R8422,MARI LAUQUEN
5714,Tucumán,212,G4301,ESTEROS (DPTO. ALBERDI)
5715,Güemes,884,A4446,ARENAL (CHAÑAR MUYO - DPTO. ANTA)
5716,Saavedra,520,S2115,COLONIA VALDEZ
5717,O'Higgins,729,B6417,CASBAS
5718,Tucumán,525,X2550,BELL VILLE
5719,Sarmiento,323,B7223,LA ESPERANZA (GRAL.BELGRANO
5720,Alsina,66,X5961,RINCON (DPTO.RIO SEGUNDO)
5721,Mitre,866,E3272,ESTANCIA COLONIA EL OMBU
5722,San Martín,775,W3405,MALOYITA
5723,Lavalle,686,G2354,EL CHARABON
5724,Laprida,656,W3344,ARROYO MENDEZ
5725,Alberdi,776,M5509,FUNES
5726,Alberdi,272,X5101,CAMINO A ALTA GRACIA KILOMETRO 15
5727,Chile,810,U9201,COLANCONOHUE
5728,San Martín,764,B7203,EL CARMEN DE LANGUEYU
5729,Saavedra,613,D5738,LA GARRAPATA
5730,Pueyrredón,768,X5925,PASCO
5731,Güemes,100,E2826,PASTOR BRITOS
5732,Chile,156,T4111,ROMA
5733,French,121,E3164,COLONIA RIVAS
5734,Saavedra,725,B6648,MECHA
5735,O'Higgins,474,X5187,LA GRANADILLA
5736,Rivadavia,376,B1649,ARROYO CARAPUATI
5737,Rivadavia,738,K5260,KILOMETRO 955 (APEADERO FCGB)
5738,Güemes,400,E3287,COLONIA LA MATILDE (UBAJAY
5739,San Martín,382,S3569,BERNA
5740,Laprida,214,N3361,GUARANI
5741,Alsina,594,G4301,LOS ARIAS
5742,French,425,F5471,LA LAGUNA
5743,O'Higgins,429,G4308,BELTRAN (DPTO.ROBLES)
5744,Urquiza,984,S3553,SANTA LUCIA
5745,Pueyrredón,650,G4238,9 DE JULIO (SAN PEDRO
5746,Tucumán,635,D5750,EL PORTEZUELO
5747,Lavalle,35,B7630,NECOCHEA ESTAFETA Nº2
5748,Urquiza,464,W3196,SAN JUAN (ESQUINA - DPTO. ESQUINA)
5749,French,986,U8532,EMPALME PUERTO LOBOS
5750,Saavedra,616,Q8353,MACHICO
5751,Alberdi,420,B7403,LA ESTRELLA (SIERRAS BAYAS
5752,Moreno,513,B1759,BARRIO PITALUGA
5753,Urquiza,875,B7165,FARO QUERANDI
5754,Saavedra,744,S2173,CAMPO PESOA
5755,Mitre,646,J5415,ANGACO NORTE
5756,Chile,961,N3308,CENTINELA
5757,Chile,629,Y4618,PUNA DE JUJUY
5758,Belgrano,250,G4356,LAGUNILLA
5759,Rivadavia,817,X5212,LA ESTACADA
5760,Mitre,495,F5470,LA PRIMAVERA
5761,Chile,637,T4129,MALVINAS
5762,Rivadavia,627,X5189,MOLINOS (DPTO.CALAMUCHITA)
5763,Moreno,917,K4753,CORRALITO (LONDRES
5764,Urquiza,39,B2912,SANTA TERESA (SANCHEZ
5765,Chile,364,G4197,PUESTO DEL SIMBOL
5766,Alsina,325,W3460,CURUZU-CUATIA
5767,Saavedra,72,T4174,KILOMETRO 1185 (APEADERO FCGB)
5768,Chile,196,Q8345,PAMPA DE LONCO LUAN
5769,San Martín,348,N3384,GUARAYPO
5770,Lavalle,244,W3342,KILOMETRO 517 (APEADERO FCGU)
5771,Güemes,181,A4193,BAJADA BLANCA
5772,Lavalle,556,N3361,GUAYAVERA
5773,Chile,598,X5194,COLONIA DE VACACIONES CALAMUCHITA(COMANDO EN JEFE DEL EJER.)
5774,España,801,W3344,LOS ARBOLES
5775,Tucumán,681,N3350,TIGRE
5776,Güemes,998,H3716,FORTIN LAS CHUÑAS
5777,Belgrano,683,B6612,HARAS LA ELVIRA
5778,O'Higgins,126,D5713,LA MODERNA
5779,Sarmiento,627,X2651,COLONIA BISMARK
5780,Moreno,988,B1649,CHAÑA-MINI
5781,Pueyrredón,380,B1665,JOSE C. PAZ ESTAFETA No.4
5782,Saavedra,71,T4135,DURAZNOS BLANCOS
5783,Rivadavia,732,A4198,EL OJITO
5784,Mitre,728,E3252,SAN VICENTE
5785,Pueyrredón,565,D6216,EL PORVENIR (UNION
5786,Sarmiento,629,D5701,9 DE JULIO (LA VERTIENTE
5787,Urquiza,424,X2424,COLONIA EL MILAGRO
5788,Tucumán,142,X5139,COLONIA TORO PUJIO
5789,Chile,799,W3445,SALDANA
5790,Dorrego,409,E3246,DESPARRAMADOS
5791,Lavalle,629,K4139,MEDANITO
5792,Moreno,968,G4301,NUEVA GRANADA (DPTO. ALBERDI)
5793,Tucumán,142,E3187,PASO BRAVO
5794,Belgrano,175,E3246,BARON HIRSCH
5795,Dorrego,208,D5707,LAS LAGUNITAS (PAMPA GRANDE
5796,Laprida,871,X5297,ARROYO
5797,Rivadavia,246,X5209,RODEITO
5798,Chile,877,S3036,EMILIA
5799,Alsina,501,X2551,LOS CUATRO CAMINOS
5800,Chile,415,T4115,LOS PUESTOS
5801,Mitre,661,E3183,FORTUNA
5802,Saavedra,283,L6305,SAN FELIPE
5803,Pueyrredón,966,B7223,LA VERDE (GRAL. BELGRANO
5804,Mitre,32,B7541,D'ORBIGNY
5805,Mitre,132,R8333,BARDA COLORADA
5806,España,920,T4103,LA FALDA
5807,España,286,G3749,VINAL POZO
5808,Chile,692,D5738,LA TULA
5809,Sarmiento,380,G4301,HUÑAJCITO
5810,Dorrego,139,J5409,EL BALDE
5811,O'Higgins,846,M5603,COLONIA ELENA
5812,O'Higgins,537,X5149,QUISQUIZACATE (APEADERO FCGB)
5813,San Martín,242,B8117,LOPEZ LECUBE
5814,San Martín,999,D5883,CHAÑARITOS
5815,French,75,X5000,BARRIO LOS NARANJOS
5816,Dorrego,595,Q8373,AUCA PAN
5817,Moreno,570,B1649,ARROYO CANELONES
5818,Dorrego,641,X5189,VILLA ANIZACATE
5819,Alberdi,289,B1667,LOS PERALES
5820,Alberdi,422,Q8401,ESTANCIA TOQUEL MALAL
5821,Laprida,228,D5773,ENSENADA
5822,Sarmiento,973,U9201,EL RAPIDO
5823,Chile,87,X5129,LA BUENA PARADA
5824,Urquiza,21,E1647,ARROYO MARTINEZ (SAN FERNANDO
5825,Saavedra,81,L6305,SAN FELIPE
5826,Belgrano,485,X2551,LOS PATOS
5827,O'Higgins,126,R8400,ESTANCIA EL CONDOR
5828,Alsina,936,A4401,LOS MERCADOS
5829,Rivadavia,400,R8532,COLONIA CHILAVERT
5830,Lavalle,724,Q8353,MACHICO
5831,Chile,491,R8503,GENERAL CONESA
5832,Chile,233,W3449,SANTO DOMINGO (CAÑADA MALA - DPTO. SAN ROQUE)
5833,Saavedra,629,B7135,EL CARBON
5834,Pueyrredón,384,F5274,SAN CRISTOBAL
5835,San Martín,782,Y4644,EL CONDOR
5836,Urquiza,886,U9207,CAÑADA BAGUAL
5837,Alsina,362,X5272,EL CHACHO
5838,España,124,M5609,GUADALES
5839,Rivadavia,442,Y4461,ABDON CASTRO TOLAY
5840,O'Higgins,835,D5721,MOSMOTA
5841,Dorrego,496,B6405,ALBARIÑO
5842,Rivadavia,80,T4286,SAN JOSE (LAS CEJAS
5843,Saavedra,665,G4184,UCLAR
5844,Rivadavia,598,L6305,LA ESPERANZA (HIDALGO
5845,Alsina,213,B1727,HOGAR RICARDO GUTIERREZ
5846,Rivadavia,962,M5561,TUPUNGATO
5847,San Martín,73,K4718,EL BASTIDOR
5848,Tucumán,478,B6077,ENCINA
5849,O'Higgins,990,B2900,BARRIO CARCEL
5850,French,529,B1665,BARRIO FRINO
5851,O'Higgins,51,G5251,EL NARANJO
5852,Mitre,469,L6309,COLONIA SANTA ANA
5853,Dorrego,896,D5703,CUATRO CORREDORES
5854,Laprida,797,X5246,LAS TRANCAS
5855,Urquiza,634,S2242,DESVIO ARIJON
5856,Urquiza,456,T4111,POLITO (APEADERO FCGB)
5857,Tucumán,655,X2987,COLONIA GARZON
5858,Alberdi,416,X5221,VILLA CERRO NEGRO
5859,Dorrego,229,S3572,COLONIA ALTHUAUS
5860,Tucumán,232,D5831,LOS ALAMOS (SAN NICOLAS PUNILLA
5861,Moreno,327,U9121,EL PASTIZAL
5862,Belgrano,629,E3116,ALDEA SANTA ROSA
5863,Alberdi,103,B7130,LEGARISTI
5864,French,834,A4535,FORTIN FRIAS
5865,Belgrano,990,K4707,LA FALDA (SAN ANTONIO DE FRAY M.ESQUIU-DPTO.FRAY M.ESQUIU)
5866,Güemes,445,G4200,CONTRERAS (ESTABLECIMIENTO)
5867,Mitre,629,T4174,AMPATA
5868,Pueyrredón,38,G4197,EL MOJON (DPTO. PELLEGRINI)
5869,Laprida,295,A4409,PUERTA TASTIL
5870,French,491,Y4632,ITURBE
5871,Mitre,86,E3260,PASO DEL MOLINO
5872,Moreno,739,B8111,PUERTO BELGRANO
5873,Chile,67,L6325,LA AVANZADA
5874,Dorrego,190,E3192,PUERTO CADENAS
5875,Alberdi,450,G3064,LA EULALIA
5876,Alberdi,399,M5579,REDUCCION
5877,French,460,E3281,COLONIA 1º DE MAYO
5878,Tucumán,934,T4103,LA FALDA
5879,O'Higgins,578,J5460,VILLA
5880,Laprida,436,Q8315,COSTA LIMAY
5881,Sarmiento,487,X5141,JERONIMO CORTES
5882,Rivadavia,378,A4419,SAN JOSE DE ESCALCHI
5883,Rivadavia,945,D5763,GENERAL URQUIZA
5884,Pueyrredón,229,X5129,EL CRISPIN
5885,Urquiza,912,W3448,SALINAS GRANDES (SAN ROQUE
5886,O'Higgins,578,G5250,LA CAÑADA (OJO DE AGUA-DPTO.OJO DE AGUA)
5887,España,238,D5736,LA CAUTIVA
5888,Alberdi,786,R8418,AGUADA DE GUANACO
5889,España,165,T4132,FAMAILLA
5890,Sarmiento,26,N3322,COLONIA SAN IGNACIO
5891,Chile,604,U9223,SHAMAN
5892,Alberdi,558,X5272,9 DE JULIO
5893,Urquiza,406,K4751,NACIMIENTOS DEL BOLSON
5894,Pueyrredón,240,D5731,LA GAMA
5895,Urquiza,246,B1640,MARTINEZ ESTAFETA No.3
5896,Dorrego,889,Y4500,SAN PEDRO
5897,Güemes,946,W3421,COLONIA LUCERO
5898,Rivadavia,633,S2639,CUATRO ESQUINAS
5899,Sarmiento,250,B1901,RUTA 2 KILOMETRO 56 AL 64
5900,Saavedra,66,B8181,AZOPARDO
5901,Rivadavia,440,J5415,DOMINGO DE ORO (ESTACION FCGSM)
5902,España,471,R8415,AGUA DEL CERRO
5903,Tucumán,573,S2242,DESVIO ARIJON
5904,Pueyrredón,357,X5000,BARRIO ACOSTA NORTE
5905,Tucumán,155,B2718,LIERRA ADJEMIRO
5906,San Martín,153,G3760,KILOMETRO 515 (EMBARCADERO FCGB)
5907,Dorrego,354,T4151,MOLINOS
5908,Dorrego,163,G4301,VILLA NUEVA (SAN GREGORIO
5909,French,727,X5231,SAN ROQUE (LAS ARRIAS-DPTO.TULUMBA)
5910,España,897,K4718,TALAGUADA
5911,French,285,X5012,BARRIO PARQUE GUAYAQUIL
5912,Moreno,67,X2349,DOS ROSAS
5913,Lavalle,614,B6400,LAS GUASQUITAS
5914,Sarmiento,869,E3212,YAROS (APEADERO FCGU)
5915,Dorrego,506,D5835,LA ARGENTINA
5916,Moreno,222,L6354,LA CARMEN
5917,Chile,423,W3230,PALMAR (PASO DE LOS LIBRES
5918,Chile,888,M5509,UGARTECHE
5919,Rivadavia,942,X5943,CAMPO BANDILLO
5920,Mitre,293,X5129,LAS ACACIAS
5921,Chile,297,H3540,VILLA ANGELA
5922,Belgrano,743,P3525,VILLA ESCOLAR
5923,Alsina,618,E3244,COLONIA BELGA AMERICANA
5924,Chile,627,B7267,ALVAREZ DE TOLEDO
5925,Dorrego,695,E2381,COLONIA Nº6
5926,Güemes,127,X5214,LOS CADILLOS
5927,Alberdi,214,K4701,TOTORITAS
5928,San Martín,273,S2613,SAN GREGORIO
5929,San Martín,69,G4201,CHILCAS LA LOMA
5930,Lavalle,160,R8332,GENERAL ROCA
5931,Dorrego,33,G4354,SAN SALVADOR
5932,Moreno,334,S2156,FRAY LUIS BELTRAN
5933,Belgrano,577,J5427,COLONIA ZAVALLA
5934,Moreno,86,E3265,COLONIA CARABALLO
5935,Saavedra,267,B1649,RIO SARMIENTO
5936,Sarmiento,368,B2711,COLONIA LA VANGUARDIA
5937,Sarmiento,753,W3416,EL SOMBRERO
5938,Sarmiento,630,Y4600,PAYO
5939,San Martín,380,B7130,CHASCOMUS ESTAFETA No.1
5940,Mitre,528,K4139,LA PUNTILLA (CASA DE PIEDRA-DPTO.SANTA MARIA)
5941,Pueyrredón,726,A4415,PAYOGASTA
5942,French,428,F5475,LA DORA
5943,Tucumán,468,E2841,SAN JULIAN
5944,Saavedra,775,D5835,DOMINGUEZ
5945,Laprida,339,Y4631,CASPALA
5946,Mitre,386,D5777,MOYAR
5947,French,514,X5987,IMPIRA
5948,Lavalle,204,E3177,CRUCECITAS 8ª SECCION
5949,España,595,Q8353,MINA LILEO
5950,España,940,X5877,YACANTO
5951,Tucumán,691,W3197,LIBERTADOR
5952,Alberdi,247,E2845,SAUCE SUD
5953,Alsina,56,W3423,TARTAGUITO
5954,Güemes,224,S3516,CAMPO URDANIZ
5955,Pueyrredón,870,Q8318,EL GUADAL
5956,O'Higgins,424,G4356,LAGUNILLA
5957,Sarmiento,900,L8214,COLONIA SANTA CLARA
5958,Güemes,887,T4101,ALTA GRACIA-BURRUYACU
5959,Sarmiento,511,N3350,NACIENTES DEL TUNAR
5960,Belgrano,221,P3630,POSTA SARGENTO CABRAL
5961,Moreno,631,B1763,GONZALEZ CATAN ESTAFETA No.6
5962,O'Higgins,484,X5209,POZO DEL TIGRE (SAN FRANCISCO DEL CHAÑAR-DPTO.SOBREMONTE)
5963,French,1000,D5719,CHARLONE
5964,Urquiza,295,R8514,POZO SALADO
5965,Pueyrredón,412,D5777,ADOLFO RODRIGUEZ SAA
5966,Rivadavia,524,B2703,PINZON
5967,Chile,919,T4122,SALINAS
5968,Chile,130,A4562,KILOMETRO 1398 (APEADERO FCGB)
5969,Belgrano,480,D5753,LOS MOLLES (PASO GRANDE
5970,Urquiza,550,B7225,PUENTE EL OCHENTA
5971,French,645,D5738,LOS POZOS
5972,Dorrego,857,Y4640,LUMARA
5973,España,123,M5636,CANALEJAS
5974,Dorrego,991,X5249,CAÑADA DE CORIA
5975,Saavedra,501,B2903,CAMPOS SALLES
5976,Alsina,340,W3423,LA ANGELITA
5977,San Martín,932,P3613,PRIMERA JUNTA
5978,San Martín,58,B1757,BARRIO SAN PEDRO (LAFERRERE
5979,Laprida,953,Q8353,CURU LEUVU
5980,Alsina,871,G4319,VERON
5981,O'Higgins,630,X5875,CHUCHIRAS
5982,Mitre,797,B1921,LAS TAHONAS
5983,Chile,949,W3230,SAN PALADIO
5984,Chile,226,T4133,MONTE GRANDE (PADILLA
5985,O'Higgins,616,X5272,9 DE JULIO
5986,Mitre,506,U9023,BUEN PASTO
5987,Urquiza,275,Y4640,RUMI CRUZ
5988,Rivadavia,91,X2563,EL OVERO
5989,Pueyrredón,655,B2751,COLONIA LABORDEBOY
5990,San Martín,257,X5244,POZO SOLO
5991,Alberdi,163,B7109,SAN JOSE DE LOS QUINTEROS
5992,Tucumán,546,D5731,EL GUANACO
5993,Laprida,138,X5006,BARRIO SAN VICENTE
5994,French,267,B7609,PLAYA CHAPADMALAL
5995,Moreno,440,T4174,LAGARTE
5996,O'Higgins,457,B2718,LIERRA ADJEMIRO
5997,Urquiza,586,F5474,DESIDERIO TELLO
5998,Mitre,421,X5196,CARAHUASI
5999,Lavalle,816,D5730,LA ELVIRA (TILISARAO - DPTO. CHACABUCO)
6000,Alsina,337,D5703,TAZA BLANCA
6001,O'Higgins,77,A4423,POTRERO DE DIAZ
6002,Dorrego,560,B1684,EL PALOMAR ESTAFETA No.3
6003,Moreno,273,H3716,LAS CHUÑAS
6004,Saavedra,219,G4350,AMPA
6005,Saavedra,677,B7000,TANDIL
6006,Chile,633,M5527,LOS CORRALITOS
6007,Rivadavia,928,W3230,SAN JOAQUIN (PASO DE LOS LIBRES - DPTO. PASO DE LOS LIBRES)
6008,Urquiza,234,K4723,EL RODEITO
6009,Tucumán,420,B6450,BARRIO OBRERO (PEHUAJO
6010,San Martín,113,G4350,GUAYPE
6011,Urquiza,610,A4552,GENERAL BALLIVIAN
6012,Saavedra,682,E3208,COLONIA LA MATILDE (SANTA ANA
6013,Lavalle,112,G4353,SANTO DOMINGO (VILLA FIGUEROA-DPTO.FIGUEROA)
6014,Sarmiento,819,E3137,EL SOLAR
6015,Mitre,655,S3555,CAMPO HUBER
6016,Güemes,658,B6551,JUAN F. IBARRA
6017,Chile,168,D5721,EL CAZADOR
6018,Mitre,37,A4535,SAN ISIDRO (POZO VERDE
6019,Sarmiento,998,R8415,AGUADA TRONCOSO (EMBARCADERO FCGR)
6020,España,814,A4427,LAS CONCHAS (CAFAYATE - DPTO. CAFAYATE)
6021,San Martín,953,X5149,SALDAN
6022,Lavalle,366,P3636,MISTOL MERCADO
6023,French,507,B7303,TAPALQUE
6024,Moreno,611,B1713,BARRIO PUENTE ROCA
6025,Alsina,562,A4423,SANTA ROSA (CHICOANA - DPTO. CHICOANA)
6026,Rivadavia,21,D6279,LA ROSALIA
6027,Belgrano,395,X5225,LOS POZOS (PUESTO DE PUCHETA-DPTO.RIO PRIMERO)
6028,Chile,900,X5212,KILOMETRO 827 (APEADERO FCGB)
6029,San Martín,983,G5255,LAS CAÑAS
6030,Moreno,328,M5584,COLONIA REINA
6031,Moreno,157,B1980,CORONEL BRANDSEN
6032,Lavalle,562,Q8403,TRAFUL
6033,España,725,W3220,MONTE CASEROS
6034,Alsina,451,K5333,BANDA LUCERO
6035,Belgrano,788,G5250,OJO DE AGUA
6036,Mitre,120,G4301,SAUCE ESQUINA
6037,French,57,H3716,LERO BLANCO
6038,Pueyrredón,243,J5415,ALAMITO
6039,Tucumán,123,E3118,EL PALENQUE
6040,Mitre,572,U9003,BAHIA SOLANO
6041,Alsina,458,Y4500,MORALITO
6042,Urquiza,371,Q8340,TRENQUE LAUQUEN
6043,Tucumán,170,A4423,BELLA VISTA (CHICOANA - DPTO. CHICOANA)
6044,Chile,663,X5833,INTIHUASI (ACHIRAS-DPTO.RIO CUARTO)
6045,Sarmiento,708,T4101,AGUADITA
6046,Laprida,863,B6403,FORTIN OLAVARRIA
6047,Güemes,400,A4190,OJO DE AGUA (ROSARIO DE LA FRONTERA
6048,España,61,L6330,LA REBECA
6049,San Martín,965,Z9400,CAMUSU AIKE
6050,Tucumán,269,G5251,AMIMAN
6051,Moreno,467,Q8341,LAPA
6052,Dorrego,906,S2109,PAVON ARRIBA
6053,Mitre,946,K4751,CULAMPAJA
6054,Lavalle,372,B1667,MANUEL ALBERTI (APEADERO FCGB)
6055,Tucumán,977,M5603,CAÑADA SECA
6056,French,958,Y4632,ITURBE
6057,Mitre,394,E2824,LA CHICA
6058,Urquiza,200,S3057,PAVENHAM
6059,Alberdi,665,B1674,SAENZ PEÑA
6060,Güemes,813,A4449,LUIS BURELA
6061,Lavalle,611,W3412,CUARTA SECCION ENSENADA GRANDE
6062,Chile,574,Q3353,QUEMPU LEUFU
6063,Sarmiento,560,B1663,BARRIO SANTA BRIGIDA
6064,Laprida,803,B1649,ARROYO SARANDI (TIGRE - PDO. TIGRE)
6065,España,681,P3615,BELLA VISTA
6066,Moreno,708,Y4600,ATALAYA
6067,Alsina,464,L6221,COLONIA LAS MERCEDES
6068,Saavedra,46,D5721,PASO DE LAS CARRETAS (BEAZLEY
6069,O'Higgins,481,K5261,OLTA (LA QUINTA
6070,Laprida,783,Y4501,ABRA DEL TRIGO
6071,Urquiza,198,S3080,RINCON DEL PINTADO
6072,Alberdi,531,X5221,BAJO DE OLMOS
6073,España,123,B7105,AUTOCAMPING SAN CLEMENTE
6074,Sarmiento,687,B2717,MANANTIALES (ACEVEDO
6075,O'Higgins,387,G4301,NUEVO SIMBOLAR
6076,Güemes,119,M5613,LAS JUNTAS
6077,Dorrego,955,E3260,PUERTO VIEJO (CONCEPCION DEL URUGUAY
6078,Urquiza,813,E3265,KILOMETRO 305 (APEADERO FCGU)
6079,Belgrano,313,A4411,SANTA ROSA DE LOS PASTOS GRANDES
6080,Pueyrredón,607,E3101,LAS CUEVAS
6081,Alsina,474,G3736,DOS REPRESAS
6082,Moreno,274,L6311,LA NUEVA
6083,Urquiza,263,X5189,SANTA RITA (JOSE DE LA QUINTANA-DPTO.SANTA MARIA)
6084,Tucumán,861,L8201,LA REFORMA VIEJA
6085,Alsina,190,E3151,LOS ANGELES
6086,Dorrego,366,H3536,FORTIN CHAJA
6087,Laprida,751,B6634,PLA
6088,Alsina,561,H3543,EL ESQUINERO
6089,San Martín,24,J5400,BARRIO VILLA PALERMO
6090,Moreno,970,X5174,SANTA ROSA (HUERTA GRANDE-DPTO.PUNILLA)
6091,Alberdi,811,H3714,TACO POZO
6092,Urquiza,649,J5425,ALBARRACIN
6093,Güemes,77,X2421,MAUNIER
6094,Sarmiento,783,S2301,PUEBLO RAMONA
6095,Moreno,100,G4353,NUEVA ALZA
6096,Belgrano,311,D5722,CAMPO DE SAN PEDRO
6097,San Martín,192,G4301,SAN GREGORIO (DPTO.JIMENEZ)
6098,Urquiza,100,T4155,CEVIL GRANDE
6099,Urquiza,604,W3416,KILOMETRO 494 (APEADERO FCGU)
6100,San Martín,128,B1722,MERLO ESTAFETA No.1
6101,Lavalle,44,B1649,ARROYO TIBER
6102,Moreno,226,J5449,CHAÑAR
6103,Pueyrredón,31,S3080,COLONIA PUJOL
6104,Rivadavia,37,X5101,GENERAL LAS HERAS
6105,Pueyrredón,817,T4137,NOGALITA
6106,Alberdi,216,A4193,VILLA CORTA
6107,Sarmiento,245,T4129,LA REDUCCION
6108,Rivadavia,355,D5738,RIO QUINTO (EMBARCADERO FCGSM)
6109,Alsina,855,T4117,EL COCHUCHAL
6110,Mitre,374,X5101,LAS HERAS
6111,French,466,T4117,SAN JOSE DE MACOMITA
6112,Alberdi,52,X5242,LA ESTRECHURA
6113,Sarmiento,145,E1647,CANAL AERO CLUB
6114,Moreno,454,X5149,SALDAN
6115,O'Higgins,118,E3216,COLONIA LA MORA (GRAL. CAMPOS
6116,Güemes,148,F5385,TASQUIN
6117,Belgrano,812,T4172,MACIO
6118,Belgrano,809,H3514,LAGUNA ESCONDIDA
6119,Alberdi,718,Y4503,LOTE MIRAFLORES
6120,French,281,B8504,FARO SEGUNDA BARRANCA
6121,España,810,E2840,LAS BATEAS
6122,Saavedra,596,S2349,SUARDI
6123,Urquiza,858,E3287,COLONIA SAENZ VALIENTE
6124,Tucumán,174,W3342,KILOMETRO 470 (APEADERO FCGU)
6125,Tucumán,388,L6303,LA VANGUARDIA
6126,Pueyrredón,436,Y4501,SANTA CLARA
6127,Urquiza,455,T4124,PINGOLLAR
6128,Urquiza,163,K4234,SAN MARTIN (TAPSO
6129,Chile,206,K4723,QUIMILPA
6130,España,787,E3241,RINCON DE MOJONES
6131,Laprida,199,E3216,COLONIA LA ARMENIA
6132,Belgrano,798,H3524,PUERTO BERMEJO
6133,Alberdi,549,W3416,RIACHUELO SUD
6134,Tucumán,779,B1862,BARRIO SAN PABLO
6135,Sarmiento,457,B7607,GENERAL ALVARADO
6136,French,369,Y4655,SAN JUAN DE OROS
6137,Dorrego,123,E3260,LA GOYA
6138,Pueyrredón,677,H3505,PUERTO TIROL
6139,Urquiza,842,D5705,BANDA SUD
6140,Saavedra,638,T4161,SACRIFICIO
6141,Moreno,990,U9220,EL MOLLE
6142,Mitre,241,E3107,SAN BENITO
6143,Alsina,175,X5000,VILLA REVOL
6144,España,940,R8430,COSTA DEL RIO AZUL
6145,Saavedra,24,A4644,VIZCARRA
6146,O'Higgins,699,W3403,KILOMETRO 31 (APEADERO FCGU)
6147,Chile,929,D5771,CORTADERAS (LAS AGUADAS
6148,O'Higgins,836,Z9400,GUARKENKEN AIKE
6149,Alberdi,505,A4415,EL MARAY
6150,Güemes,145,X5231,CAMOATI
6151,San Martín,544,S2456,KILOMETRO 465
6152,Laprida,737,G5250,LOS SUNCHOS
6153,Saavedra,778,D6389,ARIZONA
6154,Rivadavia,458,L6214,LAS DELICIAS (RANCUL
6155,San Martín,281,T4117,PARAISO
6156,Sarmiento,293,R8412,CERRO DAVID
6157,España,670,L6354,SAN JOSE (URIBURU
6158,French,518,B1842,BARRIO NUESTRAS MALVINAS
6159,Saavedra,536,T4142,ARAGONES
6160,Lavalle,801,R8305,COLONIA EL MANZANO
6161,Alsina,148,A4533,MARIA LUISA
6162,O'Higgins,578,X5870,LA CONCEPCION
6163,Dorrego,101,P3626,LAS CHOYAS
6164,Dorrego,938,E3187,MACK KELLER
6165,Tucumán,666,T4119,LAGUNA DE ROBLES
6166,Urquiza,260,A4198,POZO VERDE (HORCONES
6167,Alsina,559,X5963,CAPILLA DEL CARMEN
6168,Rivadavia,160,B2800,ARROYO NEGRO (ZARATE - PDO. ZARATE)
6169,Chile,128,W3420,LA QUERENCIA
6170,Alsina,520,W3416,REAL CUE
6171,Alsina,535,U9210,PANTANOSO
6172,Laprida,326,S2115,LA CELIA (PAZ
6173,Sarmiento,769,B1886,RIO ENCANTADO
6174,Alberdi,616,X5197,YACANTO-CALAMUCHITA
6175,French,569,Y4618,MINAS DE BORATO
6176,Urquiza,165,T4174,BANDA DE PALOMINOS
6177,Chile,331,P3624,SOLDADO ISMAEL SANCHEZ
6178,Belgrano,658,K4741,VILLA VIL
6179,San Martín,233,B2761,ESTANCIA SANTA CATALINA
6180,Dorrego,743,A4446,EL PACARA
6181,Alsina,227,W3463,LAS CUCHILLAS
6182,Belgrano,852,A4449,SANTO DOMINGO (LAS LAJITAS
6183,Urquiza,99,Y4600,LAS HIGUERILLAS
6184,Urquiza,601,Q8400,PUERTO ANCHORENA
6185,San Martín,423,L6326,LA FLORIDA
6186,Lavalle,818,L6307,LA ESMERALDA (MACACHIN
6187,Laprida,148,P3611,TORO PASO
6188,Chile,963,G4301,SANTO DOMINGO PELLEGRINI
6189,Chile,267,E2854,LAS MERCEDES (DPTO. GUALEGUAYCHU)
6190,Rivadavia,121,E3118,KILOMETRO 147 (APEADERO FCGU)
6191,Urquiza,604,B7600,MAR DEL PLATA SUCURSAL No.1
6192,Dorrego,735,H3522,TRES HORQUETAS (GRAL. VEDIA
6193,Dorrego,697,D6279,LA GERMANIA
6194,Güemes,255,X5200,KILOMETRO 832 (APEADERO FCGB)
6195,Sarmiento,154,L6300,EL MIRADOR DE JUAREZ
6196,Pueyrredón,799,W3480,ALGARROBAL (ITA IBATE
6197,Lavalle,642,H3524,LA POSTA
6198,Chile,521,S2216,COLONIA TRES MARIAS
6199,Alberdi,247,K4701,LA FALDA (ANCASTI-DPTO.ANCASTI)ES)
6200,Lavalle,801,G4220,BAHOMA
6201,Urquiza,702,L6321,LA ESMERALDA (TELEN
6202,Pueyrredón,884,X5885,BOCA DEL RIO
6203,Urquiza,725,G4206,ZANJON
6204,O'Higgins,954,W3481,COLONIA
6205,Rivadavia,977,X5900,VILLA EMILIA
6206,Lavalle,147,G5251,GRAMILLAL
6207,Lavalle,679,J5415,VILLA GRAL. ACHA (VILLA DEL SALVADOR
6208,Pueyrredón,81,G2354,TRES POZOS (CASARES-DPTO.AGUIRRE)
6209,Pueyrredón,863,B1888,CAMINO CALCHAQUI (KM. 23 AL 24
6210,Belgrano,351,K5261,ALTO DEL ROSARIO
6211,San Martín,222,B7503,GENARO VALDEZ
6212,Urquiza,266,D5709,LA ESQUINA (DPTO. GRAL. PEDERNERA)
6213,España,836,M5543,TRES DE MAYO
6214,Alsina,928,B8142,COLONIA TAPATTA
6215,Alsina,979,W3197,RINCON DE SARANDY
6216,Laprida,235,K4715,CHAVARRIA
6217,Alberdi,830,J5425,VILLA FLEURY
6218,Saavedra,935,D5701,ARENILLA
6219,España,923,D5719,AGUADITAS
6220,Pueyrredón,764,S2142,CAMPO MEDINA
6221,San Martín,959,A4421,PEÑAS AZULES
6222,Pueyrredón,791,S2105,LA VANGUARDIA (DPTO.CONSTITUCION)
6223,Alberdi,904,K4701,EL CEVILAR
6224,Saavedra,597,K4235,TINTIGASTA
6225,Laprida,789,B6720,SAN ANDRES DE GILES
6226,Lavalle,842,W3460,EL CEIBO (CURUZU CUATIA
6227,Güemes,539,X5871,PUEBLO SARMIENT
6228,Moreno,925,G4201,MANOGASTA
6229,Moreno,212,B6070,BARRIO VILLA SESQUICENTENARIO
6230,Saavedra,67,L8201,LEGASA
6231,Saavedra,350,A4444,MIRAFLORES (EL GALPO6N
6232,O'Higgins,599,G5257,POZO DEL MONTE
6233,Güemes,507,B1623,INGENIERO MASCHWITZ
6234,Güemes,817,W3230,PALMAR (PASO DE LOS LIBRES
6235,San Martín,197,B1903,SAN PONCIANO
6236,España,395,B6469,ASTURIAS
6237,Chile,592,X5903,VILLA NUEVA
6238,O'Higgins,606,E3174,KILOMETRO 192 (EMBARCADERO FCGU)
6239,Sarmiento,973,B7641,ENERGIA
6240,Pueyrredón,307,E3272,VILLA SAN MIGUEL
6241,Laprida,419,Y4608,HORNILLOS (PERICO
6242,España,793,E3185,SAN JAIME DE LA FRONTERA
6243,Lavalle,42,E3174,ARROYO OBISPO
6244,Rivadavia,108,X5137,POZO DE LOS TRONCOS
6245,Güemes,932,A4401,PEÑALVA
6246,Saavedra,147,D5753,SAN JOSE (LAS CHACRAS
6247,San Martín,347,M5621,AGUA DEL TORO
6248,Tucumán,567,W3340,LOS BRETES
6249,Dorrego,209,Y4542,EL PALMAR DE SAN FRANCISCO
6250,Dorrego,433,T4151,MEDINAS
6251,Alberdi,200,U9009,EL INVENCIBLE
6252,Lavalle,40,B6463,SANTA CECILIA CENTRO
6253,Alberdi,60,G4313,LINTON
6254,Alsina,893,X5900,BARRIO FLORENTINO AMEGHINO
6255,Tucumán,89,E2846,HOLT
6256,Alsina,858,D5707,SERAFINA
6257,Rivadavia,999,A4409,MINA CAROLINA
6258,French,212,K4716,EL GARABATO
6259,Moreno,811,E3183,LAGUNA BENITEZ
6260,España,599,X5008,BARRIO LAS MAGNOLIAS
6261,O'Higgins,150,W3346,COSTA GUAVIRAVI
6262,O'Higgins,799,B1663,SAN MIGUEL ESTAFETA Nº4
6263,Sarmiento,948,D6277,LA ROSINA
6264,Mitre,318,D5773,LOS DURAZNITOS
6265,Güemes,187,B7600,MAR DEL PLATA ESTAFETA No.27
6266,French,739,D5719,SAN ISIDRO (DPTO. BELGRANO)
6267,Pueyrredón,852,D5753,CAÑADA BLANCA
6268,Mitre,841,E3229,FLORIDA
6269,Saavedra,274,D5773,EL SALADO DE AMAYA
6270,Güemes,439,R8138,CINCO LAGUNAS
6271,O'Higgins,868,S3080,COLONIA PUJOL
6272,O'Higgins,945,B8160,FORTIN CHACO
6273,Laprida,52,E2828,LUCIENVILLE IVº
6274,España,811,E3183,SAUCE NORTE (LA CALANDRIA
6275,Rivadavia,371,Q8349,HAYCU
6276,Laprida,287,B1649,ARROYO PARAGUAY
6277,San Martín,40,J5435,CAMPO DE BATALLA
6278,Saavedra,622,T4117,LOS PEREZ (PEDRO G. MENDEZ
6279,Alberdi,774,G4308,LA FLORIDA (BELTRAN-DPTO.ROBLES)
6280,Alberdi,838,U9200,MALLACO
6281,Sarmiento,132,G4308,BELTRAN (DPTO.ROBLES)
6282,French,918,S3050,CALCHAQUI
6283,España,723,B1678,CASEROS SUCURSAL No.1
6284,Belgrano,176,L8201,EL TARTAGAL
6285,Tucumán,727,X6273,VILLA SARMIENTO
6286,O'Higgins,95,B2723,ESTANCIA LAS GAMAS
6287,Mitre,161,G4313,PAMPA ATUN
6288,Tucumán,42,W3449,ISLA ALTA (JUAN DIAZ
6289,O'Higgins,187,Q8373,PAMPA DEL MALLEO
6290,Mitre,82,B8185,COLONIA LA ESTRELLA
6291,Dorrego,375,B1888,BARRIO CORTEZ
6292,French,228,S2639,GOMEZ
6293,Saavedra,744,M5525,VILLA PRIMAVERA
6294,Chile,627,G4184,POZO HONDO
6295,Laprida,659,L6354,SAN ANDRES
6296,Alsina,100,J5400,MEDANITO
6297,Lavalle,296,B6435,LAGUNA DEL MONTE (GUAMINI
6298,San Martín,568,Z9400,ESTANCIA CARMEN
6299,Alberdi,371,A4452,KILOMETRO 1152 (APEADERO FCGB)
6300,Güemes,277,B1661,TENIENTE AGNETA (APEADERO FCGU)
6301,Sarmiento,194,D5701,LA ALIANZA
6302,Güemes,342,T4141,TOTORITAS
6303,Lavalle,535,B7303,SANTA ROSA
6304,Moreno,938,A4400,BARRIO LAS ROSAS
6305,San Martín,702,R8500,VIEDMA
6306,O'Higgins,686,B1611,DON TORCUATO ESTAFETA No.2
6307,Rivadavia,343,A4560,MANUELA PEDRAZA
6308,Lavalle,640,A4425,SAUCE
6309,España,335,B8117,CHASICO
6310,Laprida,828,G4187,TRASLADO
6311,Güemes,858,X5221,EL ALGARROBO
6312,San Martín,718,X5166,OLAEN
6313,Chile,507,U9223,GOBERNADOR COSTA
6314,Moreno,142,S3561,MOUSSY
6315,Dorrego,517,X5184,SUNCHO HUAICO
6316,Moreno,390,W3480,IBAHAY
6317,French,424,S2508,CAMPO GIMBATTI
6318,Pueyrredón,303,G4206,SAN BENITO (ARRAGA-DPTO.SILIPICA)
6319,Pueyrredón,142,X2675,SANTA VICTORIA
6320,España,134,Y4501,LAGUNA SAN MIGUEL
6321,España,226,D5770,LA GRAMILLA
6322,Dorrego,931,B1661,TENIENTE AGNETA (APEADERO FCGU)
6323,San Martín,502,T4119,PUESTO DE UNCOS
6324,Alberdi,66,S3553,FORTIN CHILCAS
6325,España,472,B6407,LA PORTEÑA (PDO.TRENQUE LAUQUEN)
6326,Lavalle,825,E3180,DIEGO LOPEZ
6327,Dorrego,703,E3187,CHIRCALITO
6328,Laprida,158,K5261,RIO DE BAZANES
6329,España,418,K4741,CHAQUIAGO
6330,O'Higgins,389,B1746,FRANCISCO ALVAREZ ESTAFETA No.3
6331,Urquiza,445,S3592,PUERTO PIRACUACITO
6332,San Martín,196,U9201,PAMPA TEPEL
6333,Moreno,161,X5270,QUILMES
6334,Güemes,950,N3309,CAMPIÑA GRANDE
6335,Dorrego,926,X5166,SANTA SABINA (COSQUIN-DPTO.PUNILLA)
6336,Mitre,711,T4141,LOMA COLORADA
6337,Dorrego,99,X5203,SIERRAS
6338,Alsina,36,X5137,BALNEARIO GUGLIERI
6339,Urquiza,987,Q8353,NERECO NORTE
6340,Tucumán,941,D6216,LOS LOROS
6341,Alberdi,950,F5301,CHUQUIS
6342,Urquiza,493,W3302,CAMBIRETA
6343,Mitre,593,G4304,LOS QUEBRACHOS
6344,Dorrego,403,B6465,HENDERSON
6345,Lavalle,943,G4187,EL CAMBIADO (DPTO. PELLEGRINI)
6346,Dorrego,497,B7136,HARAS SAN IGNACIO
6347,San Martín,189,H3722,PAMPA IPORA GUAZU
6348,Belgrano,955,S2152,BARRIO EL PARAISO
6349,Sarmiento,599,X5009,CERRO DE LAS ROSAS
6350,Rivadavia,674,D5701,CRUZ DE PIEDRA
6351,O'Higgins,693,B6015,LOS HUESOS
6352,Alsina,666,E1647,ARROYO MARTINEZ (SAN FERNANDO
6353,Lavalle,216,L8200,LAS DOS NACIONES
6354,Güemes,829,B1825,BARRIO VILLA OFELIA
6355,Güemes,435,R8301,CONTRALMIRANTE CORDERO
6356,Sarmiento,645,E3170,COLONIA LUCIENVILLE
6357,Urquiza,579,X5155,ESTANCIA DOS RIOS
6358,Mitre,871,X5184,EL ZAPATO
6359,Pueyrredón,260,B7600,MAR DEL PLATA ESTAFETA No.26
6360,French,695,B1716,LIBERTAD
6361,Pueyrredón,413,B1901,GOBERNADOR LUIS GARCIA (APEADERO FCGB)
6362,Laprida,587,G4301,SORIA BAJADA
6363,O'Higgins,30,X5000,BARRIO LAS VIOLETAS
6364,Chile,206,W3220,EL CHIRCAL
6365,Laprida,120,L6307,LA JOSEFINA
6366,Güemes,578,A4425,TIPA SOLA
6367,Belgrano,131,R8418,AGUADA DE GUANACO
6368,Urquiza,462,R8418,RIVADAVIA
6369,España,375,S2117,LOMA VERDE
6370,Güemes,773,A4425,LAS LECHUZAS
6371,Saavedra,640,S2000,BARRIO URQUIZA
6372,Belgrano,404,K4711,EL ARBOL SOLO
6373,Lavalle,362,G2357,RETIRO (UNION-DPTO. MITRE)
6374,Mitre,789,G4306,POZUELOS
6375,Moreno,724,A4198,LA PALATA
6376,Rivadavia,672,T4159,ZAPALLAR
6377,Lavalle,370,G4197,EL MOJON (DPTO. PELLEGRINI)
6378,Moreno,88,L6205,EL GUANACO (ING. LUIGGI
6379,French,444,E2824,BRITOS
6380,Rivadavia,539,A4417,PUEBLO VIEJO (CACHI
6381,Pueyrredón,354,D5738,EL CARMEN (JUSTO DARACT
6382,Chile,88,S2317,COLONIA ALDAO
6383,Saavedra,462,S2103,CHACRA NAVARRO
6384,O'Higgins,474,F5471,CORRAL DE ISAAC
6385,Dorrego,128,S2501,MARIA LUISA CORREA
6386,Mitre,202,D6279,LAS CARRETAS
6387,Güemes,370,L6381,EL PELUDO
6388,Dorrego,653,X2681,ETRURIA
6389,Tucumán,602,L6212,TRES HERMANOS (QUETREQUEN
6390,Chile,925,S3070,DHO
6391,Pueyrredón,252,G4351,TABIANITA
6392,O'Higgins,868,Y4500,SAN PEDRO
6393,Chile,937,B7163,LARRONDO
6394,España,88,U9001,RADA TILLY
6395,Güemes,603,P3636,DOCTOR LUIS AGOTE
6396,Sarmiento,515,X5221,ALGARROBO
6397,España,395,W3412,SAN COSME
6398,French,584,K4751,CORRAL QUEMADO
6399,Chile,540,X5189,VILLA LOMAS DE ANIZACATE
6400,Rivadavia,164,D5715,EL ALTO
6401,Laprida,729,G4308,BUEY MUERTO
6402,Rivadavia,113,G4301,GUARCAN
6403,Laprida,463,E3269,COLONIA SANTA ELENA
6404,Rivadavia,416,X5988,MANFREDI
6405,España,567,T4176,VILLA PUJIO
6406,Alsina,257,L6381,CAMPO CARETTO
6407,Tucumán,944,M5537,LOS BALDES
6408,Moreno,105,B1812,CARLOS SPEGAZZINI
6409,España,142,E3103,ALDEA SANTAFECINA
6410,Mitre,866,X5133,SANTA ROSA DE RIO PRIMERO
6411,San Martín,322,L6212,TRES HERMANOS (QUETREQUEN
6412,Lavalle,206,T4122,ALURRALDE
6413,San Martín,884,D5724,BELLA VISTA (CHOSMES
6414,Alberdi,962,Y4641,TURU TARI
6415,Lavalle,711,W3476,LA AGRIPINA
6416,Tucumán,976,W3342,TAREIRI
6417,O'Higgins,712,B2764,DUGGAN
6418,Mitre,990,B6555,DAIREAUX
6419,Saavedra,738,L6361,LA MARIA (AGUSTONI
6420,Pueyrredón,149,B1663,BARRIO LOS PINOS (SAN MIGUEL
6421,Sarmiento,559,W3472,LAS ROSAS
6422,San Martín,602,H3706,LOTE 34
6423,Saavedra,942,X5801,LAS CAÑITAS (PIEDRA BLANCA-DPTO.RIO CUARTO)
6424,Moreno,148,B7225,CASALINS
6425,Dorrego,797,K4715,LAS PIEDRAS BLANCAS
6426,Alberdi,20,B8504,ISLA PEÑA
6427,Laprida,373,Y4506,GUAYACAN
6428,Chile,352,L6300,EL MIRADOR DE JUAREZ
6429,French,145,K4751,EL CARRIZAL (LA CIENAGA
6430,Güemes,982,E3212,LA QUERENCIA
6431,Lavalle,935,Q8375,CERRO GATO
6432,España,53,S3572,CAMPO GARABATO
6433,French,937,F5263,ESPERANZA DE LOS CERRILLOS
6434,Moreno,932,A4415,MINAS SAN WALTERIO
6435,San Martín,101,Y4618,SAN BERNARDO
6436,Chile,262,U9009,CAÑADON LAGARTO
6437,French,398,J5443,SANTA MARIA DEL ROSARIO
6438,Moreno,329,J5467,BELLA VISTA (IGLESIA
6439,Lavalle,696,B1825,MONTE CHINGOLO ESTAFETA No.6
6440,Urquiza,568,N3317,PICADA GRAL. BELGRANO
6441,Alberdi,450,D5835,VOLCAN ESTANZUELA
6442,Belgrano,845,X5891,MOGIGASTA
6443,Saavedra,981,B7001,LA PASTORA (PDO. TANDIL)
6444,Tucumán,653,W3418,LOMAS DE EMPEDRADO
6445,Tucumán,739,B6620,CHIVILCOY ESTAFETA No.4
6446,Alberdi,975,S2185,COLONIA TOSCANA 2a.
6447,San Martín,998,X5201,LAS PALOMITAS
6448,Lavalle,767,B1900,LA PLATA ESTAFETA No.12
6449,Alsina,705,D5759,MANANTIAL DE RENCA
6450,Sarmiento,222,X5000,BARRIO HIPOLITO YRIGOYEN
6451,Rivadavia,36,G3714,URUTAU
6452,Mitre,530,G4201,RODEO DE SORIA
6453,Pueyrredón,583,L6317,LAGUNA DE NUÑEZ
6454,Chile,657,B2900,SAN NICOLAS ESTAFETA Nº8
6455,Tucumán,183,B6700,CUARTEL IV
6456,Laprida,714,T4178,LOS ANGELES
6457,Alberdi,30,B7536,STEGMAN
6458,Lavalle,696,X5184,CAPILLA DEL MONTE
6459,French,358,P3615,CHAGADAY
6460,Lavalle,476,B1900,MERIDIANO Vº (LA PLATA
6461,San Martín,658,Q8347,LAS LAJAS
6462,Rivadavia,562,G4351,SAN LUIS (DPTO. MATARA)
6463,Lavalle,399,Z9017,CAÑADON DIAZ
6464,Pueyrredón,926,T4141,LOS CHAÑARES
6465,Rivadavia,340,X5209,SAN PABLO (SAN FRANCISCO DEL CHAÑAR-DPTO.SOBREMONTE)
6466,Dorrego,41,M5517,TRES BANDERAS
6467,Sarmiento,106,B1649,ARROYO LAS CASAS
6468,Urquiza,462,S2101,ALBARELLOS
6469,Laprida,717,Q8353,PALAU
6470,Alberdi,549,X5282,SAN SALVADOR (CHARBONIER-DPTO.PUNILLA)
6471,Chile,105,U9101,VALLE DE LAS PLUMAS
6472,Chile,685,B1649,ARROYO SABALOS
6473,French,39,X2559,CINTRA
6474,Tucumán,272,Y4644,LLAMERIA
6475,Laprida,824,W3445,BATAL
6476,Alsina,98,Y4504,LEACHS
6477,Laprida,270,B7267,POLVAREDAS
6478,Saavedra,193,B7261,SAN BENITO
6479,Alsina,668,T4157,EL TUSCAL
6480,San Martín,987,S2242,ARIJON
6481,Saavedra,714,G4301,SAN JOSE (BANDERA BAJADA
6482,Moreno,670,R8403,CERRO ALTO
6483,Mitre,282,P3610,ISLA DE PUEN
6484,Tucumán,276,D5753,LOS COMEDEROS
6485,Sarmiento,842,B1808,HARAS ARGENTINA
6486,España,749,R8400,COLONIA SUIZA
6487,Alsina,254,P3626,KILOMETRO 503
6488,Lavalle,520,F5471,LA CALERA
6489,Urquiza,645,Y4504,LEACHS
6490,Saavedra,896,N3355,EL TIGRE
6491,Sarmiento,993,J5409,ADAN QUIROGA (ESTACION FCGB)
6492,España,131,M5570,VILLA SAN MARTIN
6493,French,818,K4139,OVEJERIA
6494,Mitre,950,Y4644,PULPERA
6495,Belgrano,628,D5755,LAS BARRANQUITAS (SAN MARTIN - DPTO. SAN MARTIN)
6496,Belgrano,630,G5250,BUENA VISTA (OJO DE AGUA-DPTO.OJO DE AGUA)
6497,French,627,D5731,LA CHACRA
6498,Urquiza,524,B1772,BARRIO PRESIDENTE URQUIZA
6499,San Martín,262,N3380,9 DE JULIO (ELDORADO
6500,French,650,Z9311,TUCU TUCU
6501,Belgrano,143,D5759,LA GUARDIA
6502,San Martín,640,D5755,CAÑADITAS
6503,Güemes,228,H3703,PAMA AGUARA
6504,French,664,G5250,MOLLE POZO
6505,Rivadavia,746,X5281,SAN ISIDRO (MEDIA NARANJA-DPTO.CRUZ DEL EJE)
6506,Urquiza,444,B1915,PARAJE STARACHE
6507,French,413,Z9310,CAÑADON ONCE DE SEPTIEMBRE
6508,Güemes,680,E3101,CARRIZAL
6509,Belgrano,321,A4452,TOLLOCHE
6510,Alberdi,241,B6557,ARBOLEDAS
6511,Saavedra,365,J5417,9 DE JULIO
6512,Saavedra,705,S2512,SAN GUILLERMO (TORTUGAS
6513,Moreno,633,X5176,THEA
6514,Dorrego,190,G4338,CLODOMIRA
6515,Chile,404,A4415,LAS ZANJAS
6516,O'Higgins,864,U9121,PUNTA BAJOS
6517,Laprida,822,B2944,RIO TALA
6518,Belgrano,833,F5470,EL DIVISADERO
6519,French,486,B6437,LAS MERCEDES
6520,Güemes,374,Y4616,TIRAXI
6521,O'Higgins,963,B2931,ISLA LOS LAURELES
6522,Saavedra,559,J5443,TUPELI
6523,Alsina,886,X5119,LAS SESENTA CUADRAS
6524,Tucumán,738,L8212,LOTE 22 (IPIÑA)
6525,Sarmiento,440,T4178,BOCA DEL TIGRE
6526,Tucumán,360,B7241,LAS CHACRAS (PDO.LOBOS)
6527,San Martín,481,X5214,ISLA DE SAN ANTONIO
6528,Sarmiento,42,B1649,ARROYO PRIMERA HERMANA
6529,Laprida,695,B7511,RETA
6530,Alberdi,815,A4530,SAN BERNARDO (SAN RAMON DE LA NUEVA ORAN
6531,Urquiza,281,E3212,LA COLORADA (LA QUERENCIA
6532,Lavalle,632,U9009,HOLDICH
6533,Lavalle,902,X5903,VILLA NUEVA
6534,Belgrano,609,X5244,BEUCE
6535,Lavalle,198,X5149,CAMPO BOURDICHON
6536,San Martín,532,X5929,HERNANDO
6537,Saavedra,899,D5703,ESPINILLO (VILLA GRAL. ROCA
6538,Mitre,898,D6279,NAHUEL MAPA
6539,Lavalle,543,D5701,LA VERTIENTE (CANTANTAL
6540,French,993,B7118,GENERAL GUIDO
6541,O'Higgins,785,X5889,EL BAJO
6542,Pueyrredón,179,E3100,PARANA
6543,España,561,N3318,LOTE 5
6544,Tucumán,240,M5585,EL CIPRES
6545,Tucumán,729,K4741,VILLA VIL
6546,Alberdi,49,H3541,SANTA SYLVINA
6547,España,650,L6221,LAS DELICIAS (INTENDENTE ALVEAR
6548,French,104,F5329,CUIPAN
6549,Dorrego,512,X2662,COLONIA BALLESTEROS
6550,Alberdi,927,U9217,LEZAMA
6551,Alsina,928,Q8341,EL GATO
6552,Chile,505,U9005,COMODORO RIVADAVIA (SUC. BARRIO GRAL. ENRIQUE MOSCONI)
6553,Dorrego,677,B8136,ALGARROBO (PDO.VILLARINO)
6554,Moreno,256,B7174,LA TOBIANA
6555,Chile,308,G4203,MAQUIJATA
6556,Pueyrredón,597,W3454,LA CRUZ (BUENA VISTA
6557,O'Higgins,303,G3765,KILOMETRO 477
6558,Lavalle,214,B1649,ARROYO TORITO
6559,Sarmiento,133,G3766,LAS FLORES (AVERIAS-DPTO. GRAL. TABOADA)
6560,Belgrano,552,N3317,LOTE 117 (ESCUELA 116)
6561,Alberdi,159,E3101,ALDEA BRASILERA
6562,Dorrego,986,Z9053,DESAMPARADOS
6563,Güemes,278,P3634,JOAQUIN V. GONZALEZ
6564,Saavedra,852,B6623,INDACOCHEA
6565,Chile,176,T4117,NUEVO PUEBLO LA FLORIDA
6566,Alberdi,169,Y4608,CHAMICAL
6567,Dorrego,344,Z9400,KILLIK AIKE NORTE
6568,Laprida,245,L6325,LA ESTHER
6569,Saavedra,827,A4415,LA POMA
6570,Alberdi,844,B1846,JOSE MARMOL
6571,Belgrano,703,A4430,VILLA MAYOR ZABALETA
6572,Güemes,787,X5209,MAJADILLA (SAN FRANCISCO DEL CHAÑAR-DPTO.SOBREMONTE)
6573,Pueyrredón,580,K4701,TACANA
6574,Laprida,979,G3766,LA ESMERALDA (AVERIAS-DPTO.GRAL.TABOADA)
6575,Laprida,35,D5750,EL PORTEZUELO
6576,O'Higgins,521,X5178,TERRON COLORADO
6577,Alsina,965,S3036,RIOP SALADO (APEADERO FCGB)
6578,San Martín,838,R8417,CARRI YEGUA
6579,Laprida,155,T4119,PALOMITAS
6580,Laprida,286,K4701,EL SAUCE (IPIZCA
6581,O'Higgins,786,Z9400,CAP
6582,Mitre,672,W3412,ALBARDON
6583,Pueyrredón,638,G4239,POZANCON
6584,French,294,B1655,BARRIO LIBERTADOR
6585,Lavalle,172,G4321,LAS LOMAS (LOS TELARES
6586,Chile,207,H3500,BARRIO VILLA ALVEAR
6587,Dorrego,282,F5471,REAL DEL CADILLO
6588,Alsina,560,F5300,CARRIZAL (ESTACION FCGB)
6589,Sarmiento,891,Q8353,CAÑADA SECA
6590,Urquiza,293,K4753,CORRALITO (LONDRES
6591,Güemes,104,B1623,BARRIO PARQUE LAMBARE
6592,Alsina,140,X5925,CARLOMAGNO (EMBARCADERO FCGM)
6593,Rivadavia,248,Y4503,ARRAYANAL
6594,Urquiza,920,X5000,BARRIO PARQUE LICEO
6595,French,313,P3611,TENIENTE GRAL. JUAN CARLOS SANCHEZ
6596,Chile,636,G5251,BARRIALITO (CHACRAS
6597,Tucumán,213,D5835,VOLCAN ESTANZUELA
6598,Alsina,486,X5153,SAN ANTONIO DE ARREDONDO
6599,San Martín,401,A4423,VILLA FANNY
6600,Urquiza,938,Q8401,LA CONSTANCIA
6601,Chile,417,B1649,RIO SARMIENTO
6602,Pueyrredón,750,F5300,PUERTO ALEGRE (LA RIOJA
6603,Alberdi,479,S3565,EL TAJAMAR
6604,Moreno,604,K4743,EL ALAMITO
6605,Mitre,369,L6220,COLONIA TREQUEN
6606,Moreno,467,T4184,INGENIO CRUZ ALTA (APEADERO FCGB)
6607,Laprida,550,K5266,CHICHAGASTA
6608,Alberdi,174,W3340,ITA-CUA
6609,Urquiza,580,M5535,INGENIERO GUSTAVO ANDRE
6610,Güemes,261,B6335,GRACIARENA (PDO. SALLIQUELO)
6611,Lavalle,303,X5299,CAÑADA DE SALAS
6612,Alsina,568,A4193,RECREO
6613,Lavalle,220,B6078,BAYAUCA
6614,Pueyrredón,100,J5444,NUEVA CASTILLA
6615,Rivadavia,810,U9225,FRONTERA DE RIO PICO
6616,Dorrego,115,W3470,LA BELERMINA
6617,Alberdi,503,X5851,LAS BAJADAS
6618,Urquiza,375,K4701,LAS BARRANCAS (ANCASTI-DPTO.ANCASTI)
6619,Güemes,197,B8150,CAMPO LA LIMA
6620,Sarmiento,712,A4440,EL GUANACO
6621,Tucumán,680,B1661,BARRIO OBLIGADO
6622,Chile,58,Q8373,PILO LIL
6623,Rivadavia,138,E3170,NOVIBUCO PRIMERO
6624,Dorrego,334,P3606,MONSEÑOR MIGUEL DE ANDREA
6625,Laprida,488,Y4655,ORATORIO
6626,Güemes,692,X5135,MONTE DE TORO PUJIO
6627,Rivadavia,294,J5400,BARRIO VILLA DEL CARMEN
6628,Chile,575,D5724,BELLA VISTA (CHOSMES
6629,Alsina,168,X5200,PUESTO DE LOS RODRIGUEZ
6630,Lavalle,855,B7609,BALNEARIO MAR CHIQUITA
6631,Alberdi,683,N3316,RUINAS DE LORETO
6632,Chile,380,J5449,MAJADITA
6633,Güemes,368,X5281,ALTO DE LOS QUEBRACHOS
6634,Lavalle,690,S2187,COLONIA LAGO DI COMO
6635,Dorrego,792,D5719,GIGANTE
6636,Sarmiento,727,Q8341,OJO DE AGUA (LAS COLORADAS
6637,Dorrego,673,T4178,SAN MIGUELITO
6638,San Martín,46,U9123,PUERTO LOBOS
6639,Urquiza,604,Z9011,BAHIA LANGARA
6640,Laprida,983,B2903,EREZCANO
6641,Laprida,444,T4105,EL CEIBAL (LAS TALAS
6642,Urquiza,582,F5274,LA IGUALDAD
6643,Lavalle,210,T4172,SAN PEDRO MARTIR
6644,Lavalle,795,B1649,ARROYO ALBARRACIN
6645,Laprida,752,W3403,VECINDAD
6646,Rivadavia,863,X5871,BALDE LINDO
6647,Tucumán,468,G3062,LA ISLETA
6648,Chile,259,X5875,RIO HONDO (LAS CHACRAS-DPTO.SAN JAVIER)
6649,Lavalle,891,X5871,QUEBRACHO SOLO
6650,Rivadavia,816,S3054,COLONIA LA NEGRA
6651,San Martín,126,B2701,MARIANO BENITEZ
6652,Lavalle,768,A4530,SOLEDAD (SAN RAMON DE LA NUEVA ORAN
6653,Alsina,545,D5721,LAS PIEDRITAS
6654,Pueyrredón,752,W3480,LA LOMA (ITA-IBATE
6655,O'Higgins,374,B1824,LANUS ESTAFETA No.10
6656,Alberdi,189,T4179,CEJAS DE BENACHILLOS
6657,Chile,689,A4411,CORTADERAS
6658,Pueyrredón,112,H3509,KILOMETRO 42 (EMBARCADERO FCGB)
6659,Moreno,906,G4301,RANCHITOS (TACANITAS
6660,French,350,L8336,LA VASCONIA
6661,Rivadavia,916,B8144,LA CELIA
6662,Urquiza,293,N3350,LA CAPILLA
6663,Urquiza,65,B7406,CHALA QUILCA
6664,Alberdi,243,W3416,CARABAJAL ESTE
6665,Lavalle,127,X5012,VILLA AZALAIS ESTE
6666,Belgrano,214,A4449,ESQUINA (CNEL. MOLINEDO
6667,España,530,G4208,KILOMETRO 88 (DESVIO FCGB)
6668,Alberdi,670,F5301,CAMPO TRES POZOS
6669,Moreno,569,G3743,TINTINA
6670,Pueyrredón,544,E1647,ARROYO PIEDRAS
6671,Lavalle,496,J5431,LOS BERROS
6672,Rivadavia,792,X5229,ESTANCIA EL TACO
6673,Pueyrredón,195,D5703,POZO DEL TALA
6674,Güemes,21,K4715,LA QUEBRADA (EL DODEO-DPTO.AMBATO)
6675,Saavedra,246,T4105,LAS TIPAS
6676,Dorrego,775,S3061,LAS CHUÑAS
6677,Alberdi,80,W3446,YACARE
6678,Tucumán,789,B7313,LA NUTRIA
6679,Laprida,820,X5225,POZO DEL MORO
6680,Urquiza,55,S3005,COLONIA TERESA
6681,Urquiza,844,P3601,COLONIA PASTORIL
6682,Saavedra,991,R8336,BARRIO DON BOSCO
6683,Mitre,402,T4157,EL CARMEN (NUEVA TRINIDAD
6684,Alberdi,538,M5632,LAS COMPUERTAS NEGRAS
6685,Belgrano,58,A4193,BUENA VISTA (LAS SALADAS - DPTO. ROSARIO DE LA FRONTERA)
6686,O'Higgins,752,W3194,ARROYO SORO
6687,Saavedra,78,H3732,MINISTRO RAMON GOMEZ
6688,Pueyrredón,981,S3036,RIOP SALADO (APEADERO FCGB)
6689,Tucumán,208,R8332,COLONIA RUSA
6690,Laprida,837,T4119,EL BARCO
6691,Alberdi,577,F5475,PIEDRA LARGA
6692,Sarmiento,442,G5250,SAN IGNACIO (OJO DE AGUA-DPTO.OJO DE GUA)
6693,Laprida,430,R8416,CAÑADON COMALLO
6694,Alberdi,938,X2559,LOS UCLES
6695,Moreno,692,E3216,LUCAS NORESTE
6696,Lavalle,967,B1650,MIGUELETE (PARADA FCGM)
6697,Urquiza,160,K5261,ALTO BELLO
6698,Alsina,573,F5301,LA ANTIGUA
6699,San Martín,930,J5436,COLONIA ZAPATA
6700,French,156,B1761,BARRIO LA TEJA
6701,O'Higgins,344,E3267,COLONIA EL CARMEN
6702,Mitre,429,D5753,LAS CHACRITAS
6703,Güemes,428,T4263,SAN JOSE (HUASA PAMPA NORTE
6704,Dorrego,353,B8148,PEDRO LURO
6705,Alsina,940,W3403,PEICHOTO CUE
6706,Lavalle,223,A4421,EL CARRIL
6707,Dorrego,35,B7263,GENERAL ALVEAR
6708,Güemes,244,W3460,PARAISO
6709,Saavedra,822,X5127,PEDRO E.VIVAS
6710,O'Higgins,682,Z9400,CAÑADON FABRE
6711,Belgrano,745,A4400,LA QUESERA
6712,Moreno,198,X5125,KILOMETRO 711 (EMBARCADERO FCGB)
6713,España,263,K4139,ANDALHUALA
6714,French,275,M5503,PASO DE LOS ANDES
6715,Sarmiento,830,A4409,EL GOLGOTA
6716,Urquiza,273,T4172,YERBA BUENA (SIMOCA
6717,Sarmiento,477,W3485,CURUZU LAUREL
6718,Rivadavia,158,B1640,ACASSUSO
6719,San Martín,348,W3197,ABRA GUAZU
6720,Alsina,478,G3062,LA AIDA
6721,Tucumán,309,X5233,LOS TAJAMARES
6722,Belgrano,542,R8412,SAN PEDRO (PILCANIYEU
6723,España,900,D5703,LA QUINTA
6724,España,597,B6230,MOORES
6725,Dorrego,154,A4446,SAN JOSE DE ORQUERA
6726,Saavedra,624,A4446,CEIBALITO
6727,Belgrano,722,U9225,LAGO PAZ
6728,Laprida,262,W3302,SANTA MARIA (ITUZAINGO - DPTO. ITUZAINGO)
6729,O'Higgins,80,H3714,KILOMETRO 1183 (DESVIO FCGB)
6730,Laprida,748,D5770,SANTA SIMONA
6731,San Martín,146,S3061,LAS CHUÑAS
6732,Alberdi,957,J5461,AGUADITAS DEL RIO JACHAL
6733,Alsina,281,F5275,AGUA COLORADA (VILLA DE SANTA RITA
6734,Mitre,92,A4421,SAN ANTONIO (EL CARRIL
6735,Alsina,775,X5229,ESTANCIA BOTTARO
6736,Güemes,54,Y4643,TIO MAYO
6737,Tucumán,764,E3101,ALDEA ASUNCION
6738,Belgrano,170,G5250,POZO ESCONDIDO
6739,Sarmiento,715,S2148,CENTENO
6740,San Martín,630,A4434,LAS ACHERAS
6741,Alsina,891,X6132,GENERAL LEVALLE
6742,Moreno,737,G4206,PUESTITO DE SAN ANTONIO
6743,España,930,D5715,POZO DEL MEDIO
6744,Dorrego,461,X5209,SANTAQ MARIA DE SOBREMONTE
6745,Mitre,973,B7521,LOMA DEL INDIO
6746,Dorrego,534,D5721,EL TOTORAL (VARELA
6747,Chile,137,U9009,LA ORIENTAL
6748,Güemes,164,B1708,BARRIO AVIACION
6749,Urquiza,112,M5584,REINA
6750,Pueyrredón,248,B6507,CORBETT
6751,Güemes,181,N3351,AZARA
6752,Tucumán,842,Y4634,ABRALAITE
6753,Urquiza,307,A4633,SAN JUAN (IRUYA - DPTO. IRUYA)
6754,Chile,104,W3423,SAN JOSE (CONCEPCION - DPTO. CONCEPCION)
6755,Alberdi,602,B1900,LA PLATA ESTAFETA No.2
6756,España,139,A4421,PASO DEL RIO
6757,Urquiza,675,K5261,CASA DE LA CUMBRE
6758,España,873,E1647,ARROYO CARBONCITO
6759,Dorrego,917,K4751,LA QUEBRADA (HUALFIN-DPTO.BELEN)
6760,Güemes,270,K5263,KILOMETRO 128 (FCGB)
6761,French,447,K4701,CANDELARIA (DPTO. ANCASTI)
6762,Dorrego,979,X2581,PUEBLO CARLOS SAUVERAN
6763,Rivadavia,264,T4146,SAN JOSE (CONCEPCION
6764,Moreno,450,Q8300,BARRIO LIMAY
6765,French,847,D5701,EL VALLE (CAÑADA HONDA
6766,Alsina,492,F5359,LA PAMPA
6767,Alsina,804,B1884,BERAZATEGUI ESTAFETA No.3
6768,Mitre,608,T4122,RODEO GRANDE (VIPOS
6769,Urquiza,314,N3351,AZARA
6770,O'Higgins,343,H3706,COLONIA AGRICOLA PAMPA DE NAPENAY
6771,San Martín,401,Q8353,EL ALAMITO
6772,Saavedra,497,A4427,MONTE VIEJO
6773,French,161,N3363,EL MACACO
6774,Urquiza,301,B1649,LAGUNA DE BORCHES
6775,Chile,179,B6628,EMILIO AYARZA
6776,Dorrego,299,G4189,LA TALA
6777,Tucumán,197,G5255,SAN JORGE (CNEL. FERNANDEZ
6778,Lavalle,510,F5300,BARRIO VARGAS
6779,Güemes,38,G4321,EL CINCUENTA
6780,Alsina,703,X5249,EL DURAZNO (GUTENBERG
6781,Moreno,656,S2311,ADOLFO ALSINA
6782,Alberdi,115,F5386,AMANA
6783,Belgrano,509,Z9400,SOFIA
6784,Saavedra,382,B7007,SAN PASCUAL
6785,Güemes,784,G4353,EL NEGRITO
6786,Pueyrredón,38,X5195,VILLA CALAMUCHITA
6787,Moreno,814,U9111,CAMARONES
6788,French,317,X5009,BARRIO ALTO PALERMO
6789,Chile,723,B1900,LA PLATA SUCURSAL No.4
6790,Mitre,350,K4726,CAPAYAN
6791,Rivadavia,501,G4176,PALMA LARGA
6792,Dorrego,534,H3734,CAMPO MORENO
6793,España,270,K5261,EL SALTITO
6794,Rivadavia,654,D6277,EL MACHAO
6795,Güemes,294,A4193,EL POTRERO (COPO QUILE
6796,Rivadavia,560,B6535,CADRET
6797,Mitre,197,E3201,EMBARCADERO FERRARI
6798,Belgrano,859,B8109,ALMIRANTE SOLIER
6799,Laprida,888,G4301,REPARO
6800,Tucumán,93,G2356,CAPILLA
6801,Moreno,849,F5471,PUESTO DE CARRIZO
6802,Belgrano,63,Q8316,CHINA MUERTA
6803,Chile,902,D5731,LA CHACRA
6804,Rivadavia,37,M5620,GENERAL ALVEAR
6805,Laprida,83,N3355,PERSIGUERO
6806,Moreno,451,K5261,EL QUEBRACHAL
6807,Rivadavia,947,W3454,EL CARRIZAL (PARAJE SAN ISIDRO
6808,Chile,578,X5800,SAUCECITO
6809,Belgrano,663,M5500,BARRIO VIALIDAD
6810,Moreno,478,D5721,PUERTA DE LA ISLA
6811,España,611,T4178,EMPALME AGUA DULCE (APEADERO FCGM)
6812,Chile,830,S2317,RINCON DE TACURALES
6813,Rivadavia,724,L8200,LA CHITA (GRAL. ACHA
6814,Tucumán,815,T4103,LA FALDA
6815,Güemes,323,B6561,SAN BERNARDO (PDO. TAPALQUE)
6816,Lavalle,424,W3454,PASO BANDERA
6817,Rivadavia,651,L8201,SAN ROBERTO
6818,O'Higgins,339,Q8300,BARRIO EL PROGRESO
6819,Rivadavia,122,X5873,CONLARA
6820,Rivadavia,285,G4301,SAN VICENTE (SAN JOSE DEL BOQUERON
6821,French,305,Q8353,COYUCO
6822,Dorrego,367,X5137,COSTA DEL CASTAÑO
6823,Güemes,471,A4561,LA PAZ
6824,Dorrego,866,R8504,CHINA MUERTA
6825,España,665,E2846,PARANACITO
6826,Tucumán,178,D5777,CORRAL DE TORRES
6827,Sarmiento,526,G5253,COSTA VIEJA
6828,Sarmiento,846,G4197,EL MOJON (DPTO. PELLEGRINI)
6829,Belgrano,166,W3403,PEICHOTO CUE
6830,O'Higgins,934,T4105,VILLA ANGELINA
6831,Urquiza,30,Y4653,CASIRA
6832,Rivadavia,378,S2117,ALCORTA (DEP. CONSTITUCION)
6833,Rivadavia,259,K5264,KILOMETRO 1017 (EMBARCADERO FCGB)
6834,España,789,G4206,CAMPO GRANDE (SIMBOL
6835,San Martín,83,E3263,SAN CIPRIANO
6836,Dorrego,198,M5537,LOS BLANCOS
6837,San Martín,161,E3111,ARROYO LAS TUNAS
6838,Sarmiento,712,G3749,PARANA (LA ESPERANZA
6839,Belgrano,336,Q8319,CAMPAMENTO Nº1 Y.P.F. (PLAZA HUINCUL)
6840,Tucumán,521,K5261,EL SALADILLO
6841,Alberdi,551,T4157,MONTE BELLO (VILLA SARMIENTO
6842,French,630,G3712,BELGICA
6843,Belgrano,49,B7163,GENERAL MADARIAGA ESTAFETA No.1
6844,Alsina,198,U9020,SARMIENTO
6845,Sarmiento,659,H3503,BARRANQUERAS
6846,Sarmiento,249,M5543,COLONIA TRES DE MAYO
6847,Mitre,675,W3463,FERRET
6848,Sarmiento,342,X5951,EL FORTIN
6849,Rivadavia,108,W3445,LOMAS FLORIDAS
6850,Pueyrredón,41,U9213,CAÑADON CALIENTE
6851,Pueyrredón,535,G4356,LAGUNILLA
6852,España,943,X5221,AGUA SACHA
6853,Sarmiento,226,B1649,ARROYO DE LOS NOGALES
6854,San Martín,60,L6315,VILLA SAN JOSE
6855,Tucumán,918,A4449,LAS BATEAS
6856,Tucumán,545,T4000,INGENIO MANANTIAL
6857,French,657,A4535,BELLA VISTA (RIVADAVIA - DPTO. RIVADAVIA)
6858,O'Higgins,961,U9223,MATA GRANDE
6859,Belgrano,692,D5719,CHISPICU
6860,Güemes,322,N3328,HIPOLITO YRIGOYEN
6861,Alsina,146,M5575,ANDRADE
6862,Alsina,241,W3194,RINCON GUAYQUIRARO
6863,Moreno,79,X5103,BARRIO FLORES (GUARNICION AEREA CORDOBA DEPTO.CAPITAL)
6864,Chile,823,B1901,ANGEL ETCHEVERRY
6865,O'Higgins,978,A4651,TRIGO HUAYCO
6866,Alberdi,43,W3466,LA FLORESTA
6867,Saavedra,345,B1708,MORON ESTAFETA No.4
6868,French,973,Z9303,LA PORTEÑA
6869,Lavalle,589,F5274,LA ISLA
6870,San Martín,543,X2400,BARRIO ALBERIONE
6871,Tucumán,625,S2119,ERASTO
6872,San Martín,233,G4338,PALMARES
6873,Rivadavia,56,B8117,PELICURA
6874,Laprida,710,V9420,ESTANCIA VIAMONTE
6875,Dorrego,770,H3513,LA LUCINDA
6876,Pueyrredón,321,X5101,COMANDO TERCER CUERPO DE EJERCITO
6877,Dorrego,280,X5123,KILOMETRO 692 (fcgm)
6878,Laprida,337,W3403,CARABAJAL
6879,Sarmiento,397,S2201,RICARDONE
6880,Mitre,521,B6667,LA RUBIA
6881,Rivadavia,469,T4137,TIO PUNCO
6882,Lavalle,407,D5753,EL PANTANO
6883,French,425,X5145,ALTO DE CASTILLO
6884,French,371,X5109,EL QUEBRACHITO
6885,España,434,G2356,MONTE CRECIDO
6886,O'Higgins,793,B1925,DOCK CENTRAL
6887,Alberdi,300,W3344,ALTAMIRA
6888,Rivadavia,205,F5355,RIVADAVIA
6889,Lavalle,642,W3302,PUNTA MERCEDES
6890,España,669,X5249,EL GALLEGO
6891,Dorrego,501,Z9400,LA COSTA
6892,Güemes,328,T4178,LOS ANGELES
6893,Chile,36,X5854,LA CASCADA
6894,Dorrego,946,T4111,SANTA ROSA DE LEALES
6895,Laprida,437,G4301,AGUAS COLORADAS
6896,Chile,30,U9000,BARRIO LAS FLORES
6897,Mitre,167,J5444,GUAYAMAS (DESVIO FCGB)
6898,Saavedra,627,Y4653,CERRILLOS
6899,French,105,E3191,PALO A PIQUE
6900,Pueyrredón,317,B6407,LA PORTEÑA (PDO.TRENQUE LAUQUEN)
6901,Rivadavia,94,K5340,LAS HIGUERITAS
6902,French,23,N3353,PICADA SAN JAVIER (ITACARUARE
6903,O'Higgins,102,G5255,CUCHI CORRAL
6904,San Martín,146,X5176,VILLA GIARDINO
6905,Lavalle,801,G4220,MANANTIALES
6906,Alberdi,491,N3381,PUERTO DELICIA
6907,España,981,F5275,LOS ALANICES
6908,Pueyrredón,618,F5310,LOS BALDES
6909,Tucumán,390,S2115,CAMPO VALDEZ
6910,Rivadavia,134,H3513,EL TUPI
6911,Rivadavia,968,U9217,LAGO LEZAMA
6912,French,277,G4301,LAS PALMITAS
6913,Alsina,736,D5719,LAS GALERAS
6914,Mitre,664,Z9051,LA FECUNDIDAD
6915,San Martín,342,H3513,ESTERO REDONDO
6916,Laprida,853,G4197,LOMA GRANDE
6917,Laprida,561,N3362,PRIMERO DE MAYO
6918,Lavalle,158,Q8407,RIO CORRENTOSO
6919,Lavalle,626,N3306,KILOMETRO 538 (APEADERO FCGU)
6920,España,616,T4174,ALTO DE LAS LECHUZAS
6921,Güemes,418,B7021,LOPEZ
6922,Alsina,953,B1649,ARROYO CIERVO
6923,Laprida,358,L6207,OJEDA
6924,Chile,268,L8307,PASO LA BALSA
6925,Alberdi,766,N3355,BARRA CONCEPCION
6926,Laprida,971,S3553,SANTA LUCIA
6927,Alberdi,388,S3074,COLONIA EL SIMBOL
6928,O'Higgins,804,W3446,MANUEL FLORENCIO MANTILLA
6929,Laprida,928,B2812,ORLANDO (APEADERO FCGU)
6930,Lavalle,287,X5212,EL CORO (AVELLANEDA
6931,Lavalle,359,E3212,EL PAGO (APEADERO FCGU)
6932,España,871,T4158,INGENIO MARAPA
6933,Urquiza,673,K4235,TINTIGASTA
6934,Urquiza,777,S3046,CAMPO BERRAZ
6935,O'Higgins,428,X5287,MAJADA DE SANTIAGO
6936,Saavedra,578,B1759,BARRIO LAS NIEVES
6937,Mitre,200,B1649,ARROYO POLVORA
6938,Moreno,552,L6333,LA CAUTIVA
6939,Sarmiento,20,W3405,LOMAS DE VERGARA
6940,Alsina,122,E3158,20 DE SEPTIEMBRE
6941,Alberdi,178,B8129,GLORIALDO
6942,Pueyrredón,182,S3000,BARRANQUITAS
6943,Laprida,43,X5149,DIQUE SAN ROQUE (APEADERO FCGB)
6944,Lavalle,127,B1876,BERNAL ESTAFETA No.3
6945,French,546,X5119,LA LAGUNILLA (RAFAEL GARCIA-DPTO.SANTA MARIA)
6946,Urquiza,763,B1649,ARROYO REYES
6947,Moreno,398,W3401,PALMERA (APEADERO FCGU)
6948,Tucumán,50,S3041,MASCIAS
6949,Güemes,745,X5176,VILLA GIARDINO
6950,Alsina,26,B1804,RUTA 205 KILOMETRO 32
6951,Güemes,272,F5386,PAGANZO
6952,French,143,W3448,SANTO TOMAS (SAN ROQUE-DPTO.SAN ROQUE)
6953,España,799,X5244,BEUCE
6954,Sarmiento,144,L6352,LA ESMERALDA (LONQUIMAY
6955,French,74,W3454,LA CARLINA
6956,Rivadavia,516,B1676,ALMACENES FFCC.GRAL.SAN MARTIN
6957,España,399,Y4653,CARAYOC
6958,Moreno,338,U9030,PASO RIO MAYO
6959,Güemes,605,T4115,JUSCO POZO
6960,O'Higgins,637,G5251,EL ABRA (VILLA QUEBRACHOS
6961,Sarmiento,953,W3340,SAN ANTONIO (SANTO TOME - DPTO. SANTO TOME)
6962,Pueyrredón,106,F5351,SANTA CLARA
6963,Sarmiento,872,U9009,EL SINDICATO
6964,Tucumán,370,T4101,MATUL
6965,Lavalle,762,X5933,GENERAL FOTHERINGHAM
6966,Urquiza,898,L6360,LA GUEÑITA
6967,Pueyrredón,711,B7600,MAR DEL PLATA ESTAFETA No.34
6968,Dorrego,410,N3370,PUERTO AGUIRRE
6969,Sarmiento,200,B1649,ARROYO BORASSO
6970,Saavedra,412,X5923,GENERAL DEHEZA
6971,Güemes,810,D5755,SAN ANTONIO (SAN MARTIN
6972,Güemes,385,K4139,IAPES
6973,Güemes,259,X5197,EL PARADOR DE LA MONTAÑA
6974,Sarmiento,355,J5447,LA HUERTA
6975,Tucumán,437,G4231,CERRO RICO
6976,Pueyrredón,884,T4174,LAGARTE
6977,Sarmiento,440,F5380,GOBERNADOR GORDILLO
6978,Dorrego,89,X5012,BARRIO VILLA CLAUDINA
6979,San Martín,141,X5889,CAÑADA LARGA
6980,Lavalle,336,D5719,EL CALDEN (SAN GERONIMO
6981,Belgrano,49,B1897,MANUEL B. GONNET ESTAFETA No.2 REPUBLICA DE LOS NIÑOS
6982,Güemes,531,E3283,EL BRILLANTE
6983,Pueyrredón,401,X5000,BARRIO VILLA SAN CARLOS
6984,Moreno,49,B7174,CORONEL VIDAL
6985,Alsina,199,N3374,PUERTO BEMBERG
6986,French,246,A4449,APOLINARIO SARAVIA
6987,Mitre,970,W3403,ALBARDONES
6988,O'Higgins,275,X2424,DEVOTO
6989,Rivadavia,694,F5301,EL BARREAL
6990,Tucumán,62,B7301,ARROYO DE LOS HUESOS
6991,Saavedra,914,R8409,PUERTO PAÑUELO
6992,Güemes,409,W3414,YAGUA ROCAU
6993,Rivadavia,522,W3445,CERRITO (9 DE JULIO
6994,Chile,825,X5282,CALABALUMBA (APEADERO FCGB)
6995,Pueyrredón,115,X5125,SANTIAGO TEMPLE
6996,Alberdi,755,D5770,VILLA DOLORES
6997,Laprida,329,B1900,CIRCUNVALACION
6998,Urquiza,320,Y4643,RINCONADA
6999,French,992,P3626,LAS CHOYAS
7000,Sarmiento,422,A4425,TALAPAMPA
7001,Dorrego,307,G4301,EL PIRUCHO
7002,San Martín,553,D6389,ALEGRIA
7003,French,966,X5009,VILLA MARTA
7004,Belgrano,457,U9009,MONTE DE LA COLONIA
7005,España,573,K4723,AMANCALA
7006,Alberdi,699,E3156,TRES ESQUINAS
7007,Saavedra,677,M5539,TROPERO SOSA
7008,Rivadavia,514,X5815,LOS MEDANOS
7009,Saavedra,405,W3432,BELLA VISTA
7010,Laprida,384,W3463,LAS CUCHILLAS
7011,Sarmiento,75,Y4522,BARRIO NEGRO
7012,España,996,Z9051,ESTANCIA LA ESTRELLA
7013,Chile,264,U9121,AGUADA DEL PITO
7014,French,183,S3555,LAS PALMAS
7015,Chile,672,L6228,LA LUCHA (CNEL. HILARIO LAGOS
7016,Urquiza,972,X5189,SIERRAS MORENAS
7017,Sarmiento,108,E3244,LIONEL
7018,Alsina,300,B8508,COLONIA MIGUEL ESTEVERENA
7019,Sarmiento,604,D6279,UCHAIMA
7020,Dorrego,76,B7114,LA CORINCO
7021,Sarmiento,744,K4707,SAN ISIDRO
7022,Rivadavia,69,E3203,SANTA ISABEL
7023,San Martín,574,U9120,CERRO PICHAIN
7024,Alsina,158,B1636,LA LUCILA ESTAFETA No.1
7025,Rivadavia,239,K5341,RIO GRANDE
7026,Moreno,160,E3254,LA PAMPA
7027,French,436,G4312,MORELLO
7028,French,57,X5801,CUATRO VIENTOS
7029,San Martín,778,L6385,LA MARUJA
7030,Alsina,779,M5600,PUEBLO DIAMANTE
7031,Alberdi,313,B1649,ARROYO CARACOLES
7032,Laprida,511,B7631,PUERTO QUEQUEN
7033,San Martín,758,S2639,GODEKEN
7034,Moreno,875,B1847,BARRIO ASUNCION
7035,Belgrano,480,M5509,AGRELO
7036,Pueyrredón,850,H3733,CHOROTIS
7037,Rivadavia,331,H3513,LA RAQUEL
7038,Rivadavia,830,L6331,PAVON
7039,Pueyrredón,305,G3714,SANTA ROSA (MONTE QUEMADO-DPTO.COPO)
7040,Tucumán,700,X5101,EL QUEBRACHAL
7041,Rivadavia,544,B1649,ARROYO CAPITANCITO
7042,Belgrano,268,S3061,ANTONIO PINI
7043,O'Higgins,594,T4107,VILLA MARCOS PAZ
7044,Rivadavia,604,G4208,TALA ATUN
7045,Alberdi,466,B1854,BARRIO GENERAL BELGRANO (LONGCHAMPS
7046,Pueyrredón,693,E1647,ARROYO PACIENCIA GRANDE
7047,España,261,B1649,RIO PARANA MINI
7048,Belgrano,969,W3471,SAN ROQUITO
7049,Alberdi,843,T4149,ALPACHIRI
7050,San Martín,308,H3513,ARBOL SOLO
7051,Mitre,436,L8200,LOTE 13 (GRAL. ACHA
7052,French,757,F5355,VILLA CASTELLI
7053,Mitre,459,J5429,RINCONADA
7054,Chile,362,X5201,EL PERTIGO
7055,Urquiza,708,S3081,HUMBOLDT CHICO
7056,Rivadavia,324,B7541,SAN JOSE (PUEBLO SAN JOSE
7057,Mitre,519,S2240,CORONDA
7058,Moreno,447,A4423,SANTA ROSA (CHICOANA - DPTO. CHICOANA)
7059,Belgrano,711,B1881,BARRIO SANTA ISABEL (SAN FRANCISCO SOLANO
7060,Rivadavia,273,E3261,COLONIA LUCA
7061,Mitre,781,Z9400,LAS HORQUETAS
7062,Dorrego,166,X5900,MONTE DE LOS LAZOS
7063,Güemes,939,W3427,CHAMORRO
7064,O'Higgins,560,E3281,EJIDO COLON
7065,Saavedra,917,T4207,PUERTA SAN JAVIER
7066,Moreno,481,L8200,GENERAL ACHA
7067,Mitre,603,S3042,VILLA LASTENIA
7068,España,489,B1900,DIQUE No. 1
7069,España,198,B1649,ARROYO CARPINCHO (PDO. SAN FERNANDO)
7070,San Martín,902,R8313,NAUPA HUEN
7071,Güemes,792,X5287,OROGRUESO
7072,Pueyrredón,232,R8332,FUERTE GENERAL ROCA
7073,Urquiza,867,X5901,LOS ZORROS
7074,Alberdi,921,X5194,LOS REARTES
7075,French,224,F5475,EL CERCO
7076,Lavalle,45,D6277,LOS OSCUROS
7077,Rivadavia,219,B2705,HARAS SAN JACINTO
7078,Laprida,528,Y4631,SANTA ANA
7079,Alsina,62,G5250,CARANCHI YACO
7080,Rivadavia,383,H3732,LA ECONOMIA
7081,Moreno,716,A4413,UNQUILLAL (EMBARCADERO FCGB)
7082,Saavedra,43,S3054,COLONIA LA NEGRA
7083,Moreno,114,T4242,RAMOS
7084,España,204,A4430,SALADILLO (GRAL. GUEMES
7085,Urquiza,240,M5567,LA CONSULTA
7086,Pueyrredón,859,W3344,SAN JUAN (ALVEAR - DPTO. GRAL. ALVEAR)
7087,Pueyrredón,401,B1766,TABLADA ESTAFETA Nº2
7088,Chile,859,A4427,CAFAYATE
7089,O'Higgins,94,A4421,LAS GARZAS
7090,Lavalle,181,B1744,PARQUE GAONA
7091,Pueyrredón,523,W3445,YATAY
7092,Saavedra,527,J5411,SANTA LUCIA
7093,Güemes,514,U9201,VALLE DEL TECKA
7094,Sarmiento,148,R8534,LAS MOCHAS
7095,Laprida,758,B1913,ATALAYA
7096,Chile,550,G4212,MONTE REDONDO (SAN VICENTE
7097,Alsina,841,Q8305,AUCA MAHUIDA
7098,Rivadavia,401,X5127,RIO PRIMERO
7099,Güemes,358,X5155,EL VERGEL (TANTI
7100,Alberdi,102,Y4643,POZUELO
7101,Sarmiento,383,B1879,QUILMES OESTE
7102,Sarmiento,682,B7167,MAR DE OSTENDE
7103,Güemes,627,W3453,PUNTA IFRAN
7104,Rivadavia,74,H3526,PUERTO VELAZ
7105,Lavalle,933,R8401,LAGO MASCARDI
7106,Tucumán,327,G5251,HILUMAMPA
7107,Rivadavia,758,G5250,LOS CHAÑARES
7108,Tucumán,758,S3000,KILOMETRO 9 (APEADERO FCGB)
7109,Moreno,109,A4535,LAS CAÑITAS
7110,España,666,B1722,BARRIO EL PERICON
7111,Saavedra,200,G3064,SANAVIRONES (EMBARCADERO FCGB)
7112,Tucumán,696,J5447,CUCHILLAZO
7113,Tucumán,688,B1888,BARRIO MONTEVERDE
7114,Laprida,80,R8521,ARROYO VERDE
7115,Urquiza,978,K4231,LAS TEJAS (DPTO. LA PAZ)
7116,Alsina,779,R8415,ARROYO MARTIN (ÑORQUINCO
7117,O'Higgins,557,B1744,MORENO ESTAFETA No.5
7118,Lavalle,529,H3722,CAMPO ZAPA
7119,Saavedra,955,L6220,EL ANTOJO
7120,O'Higgins,496,A4554,HICKMANN
7121,Pueyrredón,212,W3460,PARAISO
7122,Alsina,659,M5521,BARRIO UNIMEV
7123,Rivadavia,882,A4427,PAYOGASTILLA
7124,O'Higgins,486,D5721,LA AGUANUEVA
7125,España,711,X5137,LA PARA
7126,Güemes,344,K4715,MOLLE QUEMADO
7127,Sarmiento,723,S2300,COLONIA BELLA ITALIA
7128,Saavedra,652,K5331,ANDALUCA
7129,Dorrego,667,X5291,LA ESTANCIA-MINAS
7130,Güemes,878,W3196,SAN VICENTE (ESQUINA - DPTO. ESQUINA)
7131,España,585,K5260,SANTA LUCIA (RECREO-DPTO.LA PAZ)
7132,Güemes,80,B8136,COLONIA LA CATALINA
7133,O'Higgins,789,G5251,LAS FLORES (SOL DE JULIO-DPTO.OJO DE AGUA)
7134,Pueyrredón,528,A4434,LOS NOGALES
7135,Tucumán,268,F5300,PUERTO ALEGRE (LA RIOJA
7136,Lavalle,123,F5381,ILIAR
7137,Mitre,849,G4234,EL QUILLIN
7138,Chile,690,Y4608,LAS PAMPITAS
7139,Belgrano,419,U9007,SAUCE SOLO
7140,Mitre,701,K4235,LOS ALAMOS
7141,España,442,W3423,PASO LUCERO
7142,Pueyrredón,215,X5871,LA LINEA
7143,Pueyrredón,787,A4198,EL PUESTITO
7144,Laprida,968,Z9400,MOY AIKE CHICO
7145,Güemes,401,K4707,VALLE VIEJO
7146,Rivadavia,913,S2521,LA BLANQUEADA
7147,Sarmiento,257,E3244,LINEA 20
7148,Güemes,332,N3363,PUERTO SAN MARTIN
7149,Mitre,662,E2828,ESCRIÑA
7150,Sarmiento,325,B6430,FATRALO
7151,Belgrano,897,X5839,ESTACION PUNTA DE AGUA
7152,Laprida,133,B1900,LA PLATA ESTAFETA No.14
7153,Tucumán,778,E3170,ALBERTO GERCHUNOFF (PARADA FCGU)
7154,O'Higgins,658,W3197,LIBERTADOR
7155,Moreno,519,B2718,MANZO Y NIÑO
7156,O'Higgins,654,X6271,DEL CAMPILLO
7157,Pueyrredón,893,B7600,BARRIO ALFAR
7158,Sarmiento,742,E2821,SARANDI (DPTO. GUALEGUAYCHU)
7159,French,306,B6437,EL NILO
7160,Laprida,174,M5545,SAN ALBERTO
7161,Urquiza,691,S3013,LAS HIGUERITAS
7162,Belgrano,188,F5361,CAMPANAS
7163,Mitre,667,B7172,GENERAL PIRAN
7164,Güemes,877,B1649,ARROYO SANTO DOMINGO
7165,Lavalle,578,X5166,LAS MANZANAS (COSQUIN-DPTO.PUNILLA)
7166,Alsina,916,Q8340,PORTADA COVUNCO
7167,Urquiza,994,T4242,DURAZNO
7168,San Martín,758,G3736,EL URUNDAY
7169,Moreno,768,B7116,LA PIEDRA
7170,Moreno,678,E3113,COLONIA SAN MARTIN
7171,Sarmiento,510,B1893,RUTA 2 KILOMETRO 37 AL 45
7172,Moreno,937,X5119,MONTE GRANDE (RAFAEL GARCIA-DPTO.SANTA MARIA)
7173,Lavalle,538,B1640,MARTINEZ ESTAFETA No.3
7174,Alsina,754,X6127,JOVITA
7175,Mitre,230,S2407,CAMPO ROMERO
7176,Pueyrredón,529,J5467,ANGUALASTO
7177,French,137,G4300,SAN JUAN (LA BANDA
7178,Rivadavia,850,X5101,LAS CHACRAS (RUTA 111 KM.14-DPTO.COLON)
7179,Pueyrredón,981,U9020,SIERRA VICTORIA
7180,Pueyrredón,802,X5201,LOBERA
7181,Chile,845,G3752,EL MISTOL
7182,Chile,563,S3589,VILLA GUILLERMINA
7183,Moreno,106,K4139,EL TESORO
7184,Alsina,468,X5909,TRINCHERA
7185,Belgrano,492,Y4641,QUETA
7186,Rivadavia,232,N3316,YERBAL MAMBORETA
7187,San Martín,275,K4141,EL PUESTO (FUERTE QUEMADO
7188,Güemes,191,X5218,JAIME PETER
7189,French,238,X5214,LAS CHACRAS (VILLA QUILINO-DPTO.ISCHILLIN)
7190,Lavalle,166,S2531,COLONIA LANDETA
7191,Alsina,414,B1882,BARRIO EL REFUGIO
7192,Dorrego,252,X5249,SAN RAMON (CANDELARIA-RIO SECO-DPTO.RIO SECO)
7193,Sarmiento,60,T4117,EL SUNCHAL
7194,Mitre,559,Y4603,CHUCUPAI
7195,Sarmiento,310,X5164,VILLA CAEIRO
7196,Sarmiento,973,M5523,CAPILLA DEL ROSARIO
7197,Güemes,350,B7404,ROCHA
7198,O'Higgins,477,L6309,COLONIA ANASAGASTI
7199,Dorrego,423,D5701,CERRO BLANCO (LA BAJADA
7200,Mitre,826,A4434,LAS FLACAS
7201,Urquiza,188,G4203,FAMATINA
7202,Güemes,126,S3025,PROVIDENCIA
7203,San Martín,385,A4411,LOS PATOS (APEADERO FCGB)
7204,Mitre,53,Q8370,FILO-HUAHUN
7205,Pueyrredón,134,E3281,PUEBLO COLORADO
7206,Chile,886,X5900,BARRIO GENERAL GUEMES
7207,Alberdi,817,N3324,GOBERNADOR ROCA
7208,French,579,E3244,LA JOYA
7209,Sarmiento,209,G4233,SAN MIGUEL (CHOYA
7210,Pueyrredón,701,X5145,GENERAL PAZ
7211,Laprida,725,G2356,VILLA GRAL. MITRE
7212,French,633,B7631,BARRIO ESTACION QUEQUEN
7213,Pueyrredón,304,N3363,EL SALTIÑO
7214,Rivadavia,934,K4740,ASERRADERO EL PILCIO
7215,Güemes,327,F5359,JAGUE
7216,Alberdi,107,E3191,MIRA MONTE
7217,Alberdi,170,W3440,SAN EUGENIO
7218,Alberdi,660,S3013,SAN CARLOS CENTRO
7219,Alberdi,460,P3615,JULIO CUE
7220,O'Higgins,258,G3745,QUILUMPA
7221,Lavalle,985,X5205,ALTO VERDE
7222,O'Higgins,283,B1649,ARROYO DEL CANAL
7223,Sarmiento,53,R8430,MALLIN AHOGADO
7224,España,634,A4413,KILOMETRO 1369 (APEADERO FCGB)
7225,Moreno,143,B7245,LA RINCONADA
7226,San Martín,937,L6330,LA UNIDA
7227,Mitre,599,F5272,KILOMETRO 619
7228,French,210,B1742,PASO DEL REY
7229,Chile,960,W3344,LA BLANQUEADA
7230,Lavalle,219,M5620,EL JUNCALITO
7231,French,638,H3534,KILOMETRO 22 (EMBARCADERO FCGB-LAPACHITO-PDO.GRAL.DONOVAN)
7232,Belgrano,39,K5341,ANILLACO
7233,Urquiza,875,U9120,CATAYCO
7234,España,788,G4302,EL CEBOLLIN
7235,España,168,D5738,LA MASCOTA (JUSTO DARACT - DPTO. GRAL. PEDERNERA)
7236,Chile,779,M5622,FINCA LOPEZ
7237,Urquiza,260,X5291,LA ESTANCIA-MINAS
7238,Tucumán,811,W3344,CONCEPCION (TORRENT
7239,Urquiza,632,G3712,PUNTA RIELES
7240,San Martín,381,X5209,LOMITAS (SAN FRANCISCO DEL CHAÑAR-DPTO.SOBREMONTE)
7241,Dorrego,917,W3471,UGUAY
7242,Belgrano,180,X5178,HUERTA MAIA
7243,Mitre,90,K4139,AGUA AMARILLA (LA HOYADA
7244,O'Higgins,618,K4751,EL DURAZNO (JACIPUNCO
7245,O'Higgins,482,D5831,PUNILLA
7246,Tucumán,633,Y4616,TIRAXI
7247,España,605,E3101,ALDEA SPATZENKUTTER
7248,Rivadavia,420,H3703,KILOMETRO 841 (EMBARCADERO FCGB)
7249,Lavalle,179,S3081,COLONIA LA NUEVA
7250,San Martín,234,E3241,COLONIA VILLAGUYCITO
7251,French,161,B1917,MONTE VELOZ
7252,Urquiza,864,B1915,KILOMETRO 103 (APEADERO FCGR)
7253,Urquiza,666,D6277,MACHAO
7254,Dorrego,698,X5963,EL CORRALITO
7255,Pueyrredón,835,W3463,RINCON DE ANIMAS
7256,Dorrego,137,B6620,CHIVILCOY ESTAFETA No.5
7257,Alberdi,123,Q8340,GOÑI-CO
7258,España,334,D5883,BALDE (CORTADERAS
7259,Moreno,905,Q8349,CAJON DE ALMAZA
7260,Saavedra,625,W3403,HERLITZKA
7261,Belgrano,54,U9207,LOS ALTARES
7262,Belgrano,588,Y4431,AGUAS CALIENTES
7263,Moreno,248,B1649,ARROYO FELIX
7264,Tucumán,440,B8000,ADELA CORTI
7265,Tucumán,60,T4242,DURAZNO
7266,Güemes,283,S2105,CORONEL RODOLFO S. DOMINGUEZ
7267,Lavalle,907,T4107,ACONQUIJA
7268,Tucumán,105,G4234,KILOMETRO 1121 (APEADERO FCGB)
7269,Rivadavia,304,E3212,SAN PEDRO (LA QUERENCIA
7270,España,357,X5009,BARRIO PARQUE TABLADA
7271,Sarmiento,371,S2154,KILOMETRO 319 (APEADERO FCGM)
7272,O'Higgins,338,M5509,COLONIA FUNES
7273,Chile,203,E3272,ESTANCIA COLONIA EL TOROPI
7274,Pueyrredón,206,A3636,POZO CERCADO (EL CHORRO (F)
7275,Urquiza,177,T4135,LOS RODRIGUEZ
7276,San Martín,166,G4225,BEJAN
7277,Alsina,199,S6100,RUFINO
7278,Pueyrredón,882,X5801,VILLA SANTA RITA
7279,España,239,B1649,ARROYO LAS NACIONES
7280,San Martín,651,Y4631,CASPALA
7281,Güemes,629,W3450,SAN GREGORIO (GOYA - DPTO. GOYA)
7282,Saavedra,884,G4301,SAN JOSE DEL BOQUERON
7283,O'Higgins,785,B6032,BLANDENGUES
7284,Pueyrredón,684,Z9400,BREMEN
7285,Güemes,613,T4117,EL SUNCHAL
7286,España,185,E3252,COLONIA SAN JORGE (VILLA CLARA
7287,Chile,832,D5750,LA CAÑADA (LA TOMA
7288,Dorrego,346,X5176,THEA
7289,Laprida,314,N3322,INVERNADA SAN IGNACIO
7290,O'Higgins,665,T4122,LA HIGUERA
7291,Urquiza,626,W3344,LAS PALMITAS (ALVEAR
7292,Chile,721,B1617,BARRIO EL ZORZAL
7293,Chile,338,G4200,HUAICO HONDO
7294,Laprida,657,Y4643,OROSMAYO
7295,Saavedra,734,Q8315,LA TERESA (PIEDRA DEL AGUILA
7296,Laprida,590,B1686,HURLINGHAM ESTAFETA No.2
7297,Belgrano,565,B2813,ARROYO DE LA CRUZ
7298,Mitre,334,G4238,TIBILAR
7299,Pueyrredón,925,S3029,ELISA
7300,Moreno,305,W3407,COLONIA SAN MARTIN
7301,Pueyrredón,115,P3601,EL PINDO
7302,Lavalle,806,T4242,YAPACHIN
7303,French,199,X5201,LA HIGUERITA (ISCHILLIN-DPTO.ISCHILLIN)
7304,Belgrano,812,S3054,LA ORIENTAL
7305,O'Higgins,605,G4201,LOS QUIROGA
7306,Güemes,239,B1765,BARRIO SAN CARLOS
7307,España,824,X5900,LAS PLAYAS (VILLA MARIA-DPTO.GRAL SAN MARTIN)
7308,Moreno,546,M5613,RIO GRANDE
7309,Tucumán,303,M5598,PAMPITA (EMBARCADERO FCGSM)
7310,Moreno,644,W3196,LIBERTAD (ESQUINA
7311,O'Higgins,496,S2115,PAZ
7312,Urquiza,291,L8204,BERNASCONI
7313,Belgrano,61,B6062,LOS CALLEJONES (ESTACION FCGM.)
7314,O'Higgins,510,T4111,ROSARIO OESTE (PALA PALA
7315,Rivadavia,585,G4324,EL BAJO (TABOADA
7316,Tucumán,412,T4122,VIPOS
7317,Güemes,116,S2156,GRANADEROS (PARADA FCGM)
7318,Rivadavia,205,G4319,PERALTA
7319,Güemes,982,G5251,EL CACHI
7320,Alsina,967,X2662,COLONIA LEDESMA
7321,Saavedra,538,S2311,CAPIVARA
7322,Dorrego,493,B8174,ARROYO AGUAS BLANCAS
7323,Alsina,540,G4237,EL ABRA (LAS PEÑAS
7324,Dorrego,70,S3040,AVICHUCHO
7325,Alsina,960,B7500,EL TRIANGULO
7326,Tucumán,767,P3601,SAN ANTONIO (SAN FRANSISCO DE LAISHI
7327,Lavalle,35,W3196,CHACRAS NORTE
7328,Saavedra,955,M5553,COLONIA ITALIANA
7329,Sarmiento,886,T4161,SACRIFICIO
7330,Rivadavia,643,E3216,PUENTE DE LUCAS
7331,Alsina,235,B7263,EL PARCHE
7332,Mitre,265,T4111,SAN NICOLAS
7333,Dorrego,57,L6300,EL MIRADOR DE JUAREZ
7334,Alsina,288,N3381,SANTIAGO DE LINIERS
7335,Laprida,745,S2313,MOISES VILLE
7336,Alsina,540,G4317,CARBON POZO (VILLA ATAMISQUI
7337,Belgrano,498,U9207,LA HERRERIA
7338,Laprida,669,E3283,SAN JOSE (DPTO. COLON)
7339,Sarmiento,129,E3281,PUEBLO COLORADO
7340,O'Higgins,246,B1895,LOS EUCALIPTOS
7341,Alsina,321,K5265,RIO CHICO
7342,Saavedra,475,W3344,ARROYO MENDEZ
7343,Laprida,986,B7305,CAMPODONICO
7344,Saavedra,934,E1647,ARROYO MALAMBO
7345,Tucumán,90,H3514,COLONIA MIXTA
7346,Alsina,72,A4421,EL LEONCITO
7347,French,743,L6309,COLONIA SANTA ANA
7348,Rivadavia,900,M5549,KILOMETRO 1085(APEADERO FCGB)
7349,España,811,S2639,COLONIA LA PALENCIA
7350,Sarmiento,312,X5197,RIO DEL DURAZNO
7351,Dorrego,542,G4356,KILOMETRO 494 (APEADERO FCGB)
7352,Güemes,304,W3302,GARCITAS
7353,French,662,Q8351,NAU NAUCO
7354,O'Higgins,631,L8201,COLONIA 25 DE MAYO
7355,Saavedra,901,E3170,TRES ALDEAS
7356,Pueyrredón,675,G3062,FORTIN INCA
7357,Belgrano,547,M5591,CIRCUNVALACION
7358,Lavalle,626,B1832,LOMAS DE ZAMORA ESTAFETA No.2
7359,Sarmiento,498,G4356,VILLA MATARA
7360,Saavedra,324,G4301,AGUAS COLORADAS
7361,Belgrano,29,L8200,LOTE 19 (GRAL. ACHA
7362,O'Higgins,282,L6303,TA-HUILCO
7363,Tucumán,162,K5266,CHICHAGASTA
7364,Lavalle,883,E3116,ALDEA SAN RAFAEL
7365,San Martín,217,M5500,BARRIO VIALIDAD
7366,Dorrego,439,G4301,CEJA
7367,French,388,R8503,COLONIA LA LUISA
7368,Saavedra,196,X5218,KILOMETRO 480 (APEADERO FCGB)
7369,Alberdi,97,D5881,EL RINCON (MERLO
7370,Dorrego,379,J5449,AJUANJO
7371,San Martín,320,B6513,LA NIÑA
7372,Dorrego,855,K4235,LOS ALAMOS
7373,San Martín,316,B1836,LLAVALLOL
7374,French,615,G4230,CHAÑAR LAGUNA
7375,San Martín,290,G4205,LAS DOS FLORES
7376,Moreno,511,W3421,TATACUA (DPTO. CONCEPCION)
7377,Sarmiento,88,X5297,LAS CHACRAS (TALA CAÑADA-DPTO.POCHO)
7378,Alsina,742,Z9405,PUERTO BANDERA
7379,Alsina,378,S3080,ESPERANZA
7380,Güemes,281,G4205,ARBOL SOLO (LAPRIDA
7381,French,953,H3500,BARRIO VILLA PALERMO
7382,French,628,D5703,LA CRIOLLA
7383,French,615,T4242,PUESTO LOS PEREZ
7384,Alsina,179,X5889,ARROYO LA HIGUERA
7385,French,740,X5281,LA FLORIDA (MEDIA NARANJA-DPTO.CRUZ DEL EJE)
7386,Belgrano,623,W3445,LUIS GOMEZ
7387,French,574,E3187,PASO BRAVO
7388,Alberdi,944,S2170,COLONIA CANDELARIA
7389,Saavedra,310,M5500,BARRIO GENERAL SAN MARTIN
7390,Belgrano,26,X5829,SAMPACHO
7391,Mitre,895,P3620,SALADO
7392,Güemes,798,D5741,CAPELEN
7393,España,638,N3316,LORETO
7394,Laprida,460,X5009,BARRIO TABLADA PARK
7395,San Martín,947,D5755,EL BAJO
7396,Güemes,746,U9123,CONANGUIÑEO
7397,Pueyrredón,979,L6321,LA VIZCAINA
7398,Saavedra,506,G2354,EL OSO
7399,Rivadavia,220,L6383,LOTE 24 (SECCION 1ª)
7400,Chile,73,U9020,COSTA RIO CHICO
7401,Saavedra,878,K5265,SICHA
7402,España,675,G4302,CORBALANES
7403,Urquiza,581,E3129,PUERTO VIBORAS
7404,Chile,98,T4124,AGUA ROSADA
7405,Lavalle,965,G4338,LAGUNA LARGA
7406,Sarmiento,575,B1881,SANTA ISABEL (SAN FRANCISCO SOLANO
7407,Dorrego,324,T4111,AGUADA
7408,Dorrego,736,X5879,LAS TRES PIEDRAS
7409,Sarmiento,400,G4302,SAN LORENZO (SAN RAMON
7410,Lavalle,177,E3216,KILOMETRO 343 (APEADERO FCGU)
7411,Chile,899,B1828,BARRIO PARQUE UNION Y FRATERNIDAD
7412,French,158,X5229,LA DORA
7413,Chile,944,N3382,PATI CUA
7414,O'Higgins,412,J5461,ENTRE RIOS
7415,Rivadavia,546,B1713,BARRIO VILLA HARAS MYRIAM
7416,Belgrano,412,B1826,REMEDIOS DE ESCALADA ESTAFETA Nº1
7417,Chile,808,X5145,AUGUSTO VANDERSANDE
7418,Urquiza,74,X5987,ESTANCIA LOS MATORRALES
7419,Mitre,573,G3749,CAMPO ALEGRE (LA ESPERANZA
7420,Laprida,481,B1913,EMPALME MAGDALENA
7421,O'Higgins,40,T4178,CAÑETE
7422,Pueyrredón,692,Q8353,CHACAY-CO
7423,San Martín,320,B1649,ARROYO DE LOS NOGALES
7424,Rivadavia,762,X5127,LOS GUINDOS
7425,Mitre,990,S3080,LA ORILLA
7426,San Martín,46,B8117,PIEDRA ANCHA (DESVIO)
7427,Dorrego,444,A4126,SALAZAR
7428,Saavedra,710,A4554,MISION CHAQUEÑA
7429,Lavalle,135,B1900,LA PLATA ESTAFETA No.3
7430,Moreno,781,X5870,BARRIO LA FERIA
7431,Pueyrredón,725,N3381,PUERTO PIRAY
7432,España,277,P3613,LAGUNA BLANCA
7433,Laprida,147,S2326,BEALISTOCK
7434,Tucumán,885,S3550,JOBSON
7435,O'Higgins,932,E3191,SAN GUSTAVO
7436,French,262,T4166,SAN RAMON (DPTO. FAMAILLA)
7437,Laprida,867,T4000,BARRIO LOS PINOS
7438,Lavalle,709,X5249,TACO POZO
7439,Moreno,274,X5248,LAS CARDAS
7440,Mitre,804,Q8353,REÑILEO
7441,Tucumán,776,A4651,HUERTA
7442,Pueyrredón,89,M5535,RESURRECCION (EMBARCADERO FCGB)
7443,Güemes,861,U9203,LAGUNA ROSARIO
7444,San Martín,906,T4115,ORAN (DPTO. LEALES)
7445,San Martín,251,D5703,LA SALUD
7446,O'Higgins,368,D5738,RIO QUINTO (EMBARCADERO FCGSM)
7447,Dorrego,452,W3405,ZAPALLAR
7448,Laprida,57,G4353,SAN LUIS (ARMONIA
7449,Chile,386,W3448,PALMIRA
7450,Saavedra,959,A4434,LA PUNTILLA
7451,Lavalle,946,B2805,ARROYO EL AHOGADO
7452,San Martín,26,G4321,PASO DEL SALADILLO
7453,Moreno,741,U9201,PAMPA TEPEL
7454,España,859,U9211,EPUYEN
7455,Sarmiento,557,X5129,ESPINILLO (MONTE DEL ROSARIO
7456,España,825,Z9401,FORTALEZA
7457,Sarmiento,806,L8200,LOTE 22 (GRAL. ACHA
7458,Alberdi,325,J5443,VILLA SANTA ROSA
7459,España,377,H3513,LOTE 15 (LA SABANA
7460,Laprida,351,B6712,CORTINES
7461,Chile,64,X5233,LOS TAJAMARES
7462,Dorrego,612,Y4516,FINCA AGUA TAPADA
7463,Dorrego,624,D5750,LA ALAMEDA (LA TOMA - DPTO. PRINGLES)
7464,España,464,D5750,CERRO DE LA PILA
7465,Sarmiento,97,N3317,PICADA MARKOSKY
7466,Saavedra,60,D5719,EL VALLE (SAN ANTONIO
7467,Alberdi,953,X5129,ESPINILLO (MONTE DEL ROSARIO
7468,O'Higgins,496,L6212,SAN JUAN (SIMSON
7469,Dorrego,739,B6513,LA NIÑA
7470,Urquiza,325,Q8371,NAHUEL MAPE
7471,San Martín,525,E3114,ESTABLECIMIENTO EL CARMEN
7472,Moreno,93,Q8353,BATRE LAUQUEN
7473,San Martín,856,B6661,BLAS DURAÑONA
7474,Mitre,470,R8332,COLONIA RUSA
7475,Rivadavia,72,B1708,MORON ESTAFETA No.3
7476,Belgrano,543,X2651,COLONIA BREMEN
7477,Tucumán,758,E3241,MOJONES SUD
7478,Alsina,256,Q8347,MALLIN DE MENA
7479,Chile,374,M5621,AGUA ESCONDIDA
7480,España,422,A4415,TONCO
7481,Mitre,86,L6361,LA MARIA (AGUSTONI
7482,Lavalle,345,S3586,CAMPO YAGUARETE
7483,Pueyrredón,630,E2840,PUERTO RUIZ
7484,Sarmiento,409,D5719,TRES PUERTAS
7485,O'Higgins,487,A4434,EL ALGARROBO
7486,Sarmiento,573,K5261,KILOMETRO 38 (EMBARCADERO FCGB)
7487,Laprida,405,G4301,HOYO CERCO
7488,French,240,N3363,PUERTO SAN MARTIN
7489,Güemes,342,B1644,DOCTOR ALBERT SCHWEITZER (PARADA FCGM)
7490,Urquiza,113,N3361,YERBAL VIEJO SECCION 2
7491,Lavalle,825,G4225,ABRAS DEL MARTIRIZADO
7492,Mitre,33,B6612,CAPDEPONT
7493,Moreno,496,M5637,COSTA DEL DIAMANTE
7494,Saavedra,223,E2846,PARANACITO
7495,Tucumán,462,A4440,CONCHAS
7496,San Martín,337,S3056,ESPIN
7497,Alsina,358,T4111,LAS MERCEDES
7498,San Martín,454,R8418,LOMA PARTIDA
7499,Belgrano,674,A4413,KILOMETRO 1424 (DESVIO FCGB)
7500,Pueyrredón,965,E2805,RIO AGUILA
7501,Rivadavia,179,U9035,ARROYO CHALIA
7502,Moreno,181,E3185,LA SELVA
7503,Urquiza,664,X5875,CHUCHIRAS
7504,French,31,R8336,KILOMETRO 1071
7505,Urquiza,329,B1708,BARRIO SAN FRANCISCO
7506,Saavedra,937,B8133,AVESTRUZ
7507,Dorrego,793,B1825,BARRIO VEINTISEIS DE ABRIL
7508,Güemes,582,X5853,CORRALITO
7509,Urquiza,69,W3197,LIBERTADOR
7510,Lavalle,560,D6216,URDANIZ
7511,Pueyrredón,353,T4115,FAVORINA
7512,Urquiza,743,S3551,OGILVIE
7513,Alsina,817,G3714,EL PALOMAR (MONTE QUEMADO
7514,Urquiza,681,B2740,ARRECIFES
7515,Güemes,478,J5417,LOS QUILLAY
7516,San Martín,790,E3241,MOJONES SUD
7517,Lavalle,242,B1646,BARRIO SAN JORGE (SAN FERNANDO
7518,Tucumán,674,G4302,SANTA CRUZ (SAN RAMON
7519,Mitre,532,X5009,BARRIO CENTRO EMPLEADOS DE COMERCIO
7520,Sarmiento,61,Z9017,CERRO LA SETENTA
7521,Mitre,81,X5123,TOLEDO
7522,Lavalle,594,B6667,LA RABIA
7523,Belgrano,192,G4643,QUERA
7524,Urquiza,780,T4151,BAJO DE LOS SUELDOS
7525,French,276,X5285,QUEBRADA DE OLIVEROS
7526,España,287,S3014,POMPEYA (APEADERO FCGB)
7527,Dorrego,474,W3405,LA PARADA (APEADERO FCGU)
7528,Urquiza,923,S2728,MELINCUE
7529,Güemes,692,B1649,ARROYO LEIVA
7530,Alberdi,646,G4354,LA RAMADA
7531,Laprida,582,E3181,PASO DUARTE
7532,San Martín,771,E3252,COLONIA LA ROSADA
7533,Alsina,92,A4448,SANTO DOMINGO (JOAQUIN V.GONZALEZ
7534,Dorrego,322,A4427,SANTA ROSA (ANGASTACO - DPTO. SAN CARLOS)
7535,España,132,W3441,ALGARROBO
7536,Moreno,913,B6551,PIROVANO
7537,Saavedra,297,B7100,EL SESENTA
7538,Belgrano,233,X5242,PUESTO SAN JOSE
7539,Lavalle,413,S2601,LA INGLESITA
7540,España,379,X5149,VILLA 9 DE JULIO
7541,Rivadavia,941,G4233,CANARIO
7542,Sarmiento,252,W3421,BATEL
7543,Alberdi,138,A4190,EL PORTEZUELO
7544,Belgrano,644,Y4503,LOTE LAS PALMERAS
7545,Pueyrredón,79,E2820,BARRIO VILLA MARIA
7546,Güemes,653,D6216,ROSALES
7547,Saavedra,1000,B7400,OLAVARRIA ESTAFETA Nº2
7548,Güemes,850,N3317,BAÑADO GRANDE
7549,Dorrego,505,B1617,BARRIO EL ZORZAL
7550,Dorrego,831,X5293,LA ARGENTINA
7551,Belgrano,127,T4111,POZO DEL ALTO
7552,Saavedra,953,B1882,BARRIO EL REFUGIO
7553,Rivadavia,950,G5251,CHILCA (SANTO DOMINGO
7554,Dorrego,291,H3543,LOTE 7
7555,San Martín,82,P3634,LAS BOLIVIANAS
7556,Mitre,189,G4208,KILOMETRO 112 (APEADERO FCGB)
7557,Sarmiento,536,R8501,SAN JAVIER
7558,Lavalle,91,S2301,PUEBLO RAMONA
7559,Mitre,749,B7600,MAR DEL PLATA ESTAFETA No.25
7560,Mitre,471,U9213,FEFOCAHUEL
7561,Güemes,460,A4530,SAN IGNACIO
7562,España,613,D5703,LA UNION (HIPOLITO YRIGOYEN
7563,Güemes,774,K5261,ESQUIU
7564,Belgrano,815,G4350,CORRAL GRANDE
7565,Lavalle,216,H3522,GENERAL VEDIA
7566,Pueyrredón,355,H3513,KILOMETRO 474 (EMBARCADERO FCGB)
7567,Lavalle,139,H3518,CABRAL CUE
7568,Rivadavia,926,X5963,VILLA DEL ROSARIO
7569,Sarmiento,488,U9121,EL QUILLIMUAY
7570,Rivadavia,472,B7267,POLVAREDAS
7571,O'Higgins,982,G4350,PAMPA POZO (SUNCHO CORRAL
7572,Sarmiento,999,B6475,ESTEBAN DE LUCA
7573,Belgrano,210,X5149,SALDAN
7574,Güemes,85,X5155,MALLIN
7575,Chile,370,G4208,EL MULATO
7576,O'Higgins,697,A4403,CERRILLOS
7577,Dorrego,861,W3403,BARGONE
7578,Alsina,139,D6279,LA ROSALIA
7579,French,836,X5870,BARRIO LA FERIA
7580,Urquiza,599,X5841,YATAY
7581,Rivadavia,331,K4724,NUEVA CONETA
7582,Alsina,721,G3743,VILLA YOLANDA
7583,Saavedra,595,N3309,COLONIA ALEMANA
7584,Rivadavia,283,D5707,BALDE DE PUERTAS
7585,Tucumán,56,M5632,LA MARZOLINA
7586,Mitre,282,H3700,PAMPA AGUADO
7587,Saavedra,821,J5461,LA FALDA
7588,French,457,W3232,GUAVIRAVI
7589,O'Higgins,577,Q8353,LEUTO CABALLO
7590,Mitre,523,G4328,RINCON DE LA ESPERANZA
7591,Pueyrredón,177,A4405,EL PUCARA (APEADERO FCGB)
7592,French,601,S3551,GUAYCURU
7593,Alsina,203,G4296,CARDOZOS
7594,Tucumán,456,X5000,ALTO DE LOS VIDELA
7595,Pueyrredón,116,G4301,RIO MUERTO
7596,Dorrego,41,L8200,LAS ACACIAS
7597,Lavalle,236,B1686,HURLINGHAM
7598,Alberdi,572,B7313,KILOMETRO 433
7599,Belgrano,544,B6605,KILOMETRO 83
7600,Alsina,258,B1744,MORENO ESTAFETA No.6
7601,Belgrano,493,E3101,COLONIA ENSAYO
7602,Urquiza,140,X5871,MEDANITOS
7603,Sarmiento,880,Z9400,PUNTA LOYOLA
7604,Pueyrredón,220,B1611,BARRIO BAIRES
7605,Saavedra,894,B1607,BARRIO ARCA
7606,Pueyrredón,916,B1649,ARROYO AGUAJE DEL DURAZNO
7607,Belgrano,440,B6242,ELORDI
7608,Urquiza,800,A4440,EL GUANACO
7609,Sarmiento,236,B1832,SANTA MARTA
7610,Moreno,928,B8142,JUAN A. PRADERE
7611,Mitre,703,T4153,RIO CHICO
7612,Moreno,845,T4168,POTRERO GRANDE
7613,Sarmiento,234,B1649,ARROYO LAS BALDOSAS
7614,Alsina,731,A4190,VILLA AURELIA
7615,Rivadavia,397,N3353,TRES CAPONES
7616,España,669,V9420,PUNTA MARIA
7617,San Martín,955,K5260,KILOMETRO 969 (EMBARCADERO FCGB)
7618,Mitre,975,Z9400,ADELA
7619,Sarmiento,242,W3472,LA CARLOTA
7620,Lavalle,466,E3191,MANANTIALES
7621,Dorrego,735,U9007,MALASPINA
7622,French,549,X2423,CAMPO LA LUISA
7623,Chile,883,B1649,ARROYO CHIQUERO
7624,Pueyrredón,94,X5194,ESTANCIA SAN JUAN
7625,Urquiza,97,K5261,LOS POCITOS (RIO DE LA DORADA
7626,Lavalle,853,B1617,DOCTOR RICARDO ROJAS
7627,Rivadavia,384,A4440,DURAZNO (METAN
7628,Saavedra,69,E3246,PUEBLO DOMINGUEZ
7629,Lavalle,639,A4423,SAN FERNANDO DE ESCOIPE
7630,Saavedra,983,E3272,KILOMETRO 253 (APEADERO FCGU)
7631,Urquiza,702,W3448,PIRRA PUY
7632,O'Higgins,378,L8200,VALLE ARGENTINO (GRAL. ACHA
7633,Dorrego,242,M5533,SANTA MARTA
7634,San Martín,463,G4203,TRONCO JURAS
7635,Alberdi,99,B6660,LAGUNA LAS MULITAS
7636,Rivadavia,575,G3741,LA MARTA
7637,Urquiza,767,M5507,LUJAN DE CUYO
7638,Alberdi,622,Q8370,LASCAR
7639,Saavedra,49,L6365,LA MARIA (VERTIZ
7640,España,248,P3624,COLONIA EL SILENCIO
7641,Urquiza,740,E3113,SAN MARTIN
7642,Alsina,418,N3350,LAS TUNAS
7643,Dorrego,294,X5244,GUALLASCATE
7644,Tucumán,961,K5317,APUYACO
7645,Belgrano,129,D5736,PAINES
7646,Sarmiento,772,W3185,COLONIA PAIRIRI
7647,Urquiza,616,B1649,ARROYO GAMBADO
7648,Mitre,663,T4115,AGUA AZUL
7649,Sarmiento,91,Z9405,HOTEL CERRITO
7650,Chile,151,W3460,VACA CUA
7651,Güemes,502,Z9401,FUENTES DEL COYLE
7652,Alsina,875,H3514,LA ELABORADORA
7653,Belgrano,313,X5009,BARRIO PARQUE COREMA
7654,Sarmiento,298,X5801,SAN BARTOLOME
7655,Dorrego,753,D6279,LA ROSALIA
7656,España,995,B7600,PUEBLO PERALTA RAMOS OESTE
7657,French,862,W3461,TALA PASO
7658,Laprida,591,G4187,LA COSTOSA
7659,Alberdi,104,H3513,OBRAJE LA VICUÑA
7660,Pueyrredón,51,G4189,YUCHANCITO
7661,Mitre,240,H3541,PUEBLO CLODOMIRO DIAZ
7662,Lavalle,204,F5272,EL MEDANITO
7663,Tucumán,179,D5773,EL OLMO
7664,Alberdi,484,B1739,PARADA KILOMETRO 62
7665,Alsina,594,W3403,LAS PALMITAS (SAL LUIS DEL PALMAR
7666,Mitre,701,G4225,PATILLO
7667,Chile,289,T4132,SAN LUIS
7668,O'Higgins,736,W3466,ARROYO HORQUETA
7669,Belgrano,785,G4184,CEJA POZO
7670,Dorrego,68,B1714,ITUZAINGO ESTAFETA No.1
7671,Saavedra,381,A4409,CACHIÑAL
7672,Moreno,244,G4206,EL MARNE
7673,Güemes,596,G3749,VINAL POZO
7674,Rivadavia,558,B7603,LA MADRECITA
7675,French,561,G4301,SAN JOSE (MONTE REDONDO
7676,Lavalle,894,M5513,LUZURIAGA
7677,Laprida,924,X5284,PALOMA POZO
7678,Rivadavia,675,D5759,RETAZO DEL MONTE
7679,Alberdi,433,A4411,PIRCAS
7680,Tucumán,677,U9207,CAÑADA BAGUAL
7681,Saavedra,603,L6326,LA FLORIDA
7682,Rivadavia,647,B1742,PASO DEL REY ESTAFETA Nº1
7683,Dorrego,202,G4203,LA PUNTA
7684,España,233,W3483,SAN SEBASTIAN (LORETO - DPTO. SAN MIGUEL)
7685,Sarmiento,408,N3351,MONTE HERMOSO
7686,Rivadavia,117,T4142,IGUANA
7687,O'Higgins,609,T4124,ARENAL
7688,Alsina,455,M5579,MINELLI
7689,Alsina,538,D5703,DESEMPEÑO
7690,Laprida,194,E2805,ARROYO LOS PLATOS
7691,Rivadavia,358,G4189,LA ALOJA (EMBARCADERO FCGB)
7692,Saavedra,896,D5755,LA ELVIRA (SAN MARTIN - DPTO. SAN MARTIN)
7693,Moreno,689,X5281,LOS CHAÑARITOS (MEDIA NARANJA-DPTO.CRUZ DEL EJE)
7694,Lavalle,110,G4301,SANTO DOMINGO PELLEGRINI
7695,Alberdi,428,L6330,CATRILO
7696,Rivadavia,371,X2432,ARBOL CHATO
7697,Laprida,827,S3046,FORTIN ALMAGRO
7698,Lavalle,211,G5255,SOL DE JULIO
7699,Belgrano,116,K5319,MOLLECITO
7700,San Martín,876,D5703,RETIRO
7701,San Martín,886,E3101,ALDEA SPATZENKUTTER
7702,O'Higgins,881,X5801,COLONIA LA PIEDRA
7703,Lavalle,316,X5272,POZO DEL BARRIAL
7704,Sarmiento,356,B1602,FLORIDA ESTAFETA No.1
7705,Urquiza,139,L8208,JACINTO ARAUZ
7706,Moreno,255,D5703,LOS CHAÑARES (TORO NEGRO
7707,San Martín,35,Y4622,BELLA VISTA (MAIMARA - DPTO. TILCARA)
7708,Dorrego,747,G4233,LOMITAS (CHOYA
7709,Dorrego,591,A4430,KILOMETRO 1094 (APEADERO FCGB)
7710,Pueyrredón,964,X5287,CAPILLA LA CANDELARIA
7711,Alberdi,266,B1635,PRESIDENTE DERQUI
7712,Urquiza,283,G3741,LOTE F (OBRAJES)
7713,España,747,K5261,EL CACHO
7714,O'Higgins,465,B1723,RUTA 200 KILOMETRO 38
7715,Lavalle,912,B8115,PUENTE LAS OSCURAS
7716,Lavalle,50,X2421,MORTEROS
7717,San Martín,448,T4115,LA FLORIDA (LOS PUESTOS
7718,Moreno,780,B1646,SAN FERNANDO
7719,French,332,U9201,LANGUIÑEO
7720,Rivadavia,872,Z9017,LOS LAGOS
7721,Sarmiento,322,G2356,SAN JOSE (PINTO
7722,Urquiza,803,G5251,AMIMAN
7723,Belgrano,23,W3483,LAPACHO
7724,French,443,G3741,OTUMPA
7725,San Martín,226,G4238,SAN RAMON (GUASAYAN
7726,Alberdi,754,B6535,COLONIA SANTA MARIA
7727,España,372,A4564,KILOMETRO 1448 (APEADERO FCGB)
7728,Alberdi,698,Q8401,LA CONSTANCIA
7729,Lavalle,674,U9121,PAINALUF
7730,Chile,485,K4743,EL ALAMITO
7731,Lavalle,494,P3601,LA ESPERANZA
7732,San Martín,339,B7631,BARRIO ESTACION QUEQUEN
7733,Dorrego,492,U9220,EL MOLLE
7734,Lavalle,726,R8536,SAN JOSE DE PAJA ALTA
7735,Chile,728,K4701,TOTORITAS
7736,Pueyrredón,231,Y4622,YERBA BUENA
7737,O'Higgins,811,M5535,EL ROSARIO
7738,Pueyrredón,582,G2354,FORTIN LA VIUDA
7739,San Martín,370,R8417,JITA RUSIA
7740,Urquiza,45,G5251,SIMBOLAR (SANTO DOMINGO-OJO DE AGUA
7741,French,506,E3114,VILLA FONTANA
7742,Alsina,337,B1649,ARROYO ANTEQUERITA
7743,Urquiza,702,L8204,DOS CHAÑARES
7744,French,942,T4117,EL NARANJO (DPTO. BURRUYACU)
7745,Laprida,698,Q8341,QUIÑIÑELIU
7746,Lavalle,401,G4306,EL AÑIL
7747,Mitre,101,G4324,LA OVERA
7748,Alberdi,708,X5000,BARRIO LOS OLMOS
7749,Güemes,413,B1900,LA PLATA ESTAFETA No.9
7750,Saavedra,516,U9020,VALLE HERMOSO (EMBARCADERO FCGR)
7751,Alberdi,390,X5194,VILLA SAN FELIPE
7752,Belgrano,696,T4176,ESQUINA (LA MADRID
7753,Dorrego,992,B2745,KENNY
7754,España,707,B1649,ARROYO GUAYCARA
7755,Urquiza,57,X5819,EL MANANTIAL (CAÑADA DE ALVAREZ
7756,French,394,L8336,COLON LEUFU
7757,Alsina,280,K4724,LOS PINOS
7758,San Martín,109,D5871,LA AGUADA DE LAS ANIMAS
7759,Alsina,245,N3315,PICADA GRAL. LOPEZ
7760,Saavedra,902,F5365,PLAZA NUEVA
7761,España,504,Y4618,PUNA DE JUJUY
7762,Laprida,574,B1665,JOSE C. PAZ ESTAFETA No.2
7763,Pueyrredón,147,M5579,LA SIRENA
7764,Sarmiento,132,U9103,BARRIO LA ERMITA
7765,Tucumán,316,U9020,SARMIENTO
7766,French,180,G4302,CHAUPI POZO
7767,French,730,N3318,LOTE 5
7768,San Martín,983,B6503,PATRICIOS
7769,Mitre,431,W3220,PUERTO CEIBO
7770,Laprida,252,X6270,HUINCA RENANCO
7771,Sarmiento,333,L8307,LA COPELINA
7772,French,780,Q8313,SAN JOSE
7773,Urquiza,115,E3201,COLONIA YERUA
7774,Laprida,243,S2639,CAMPO NUEVO
7775,Saavedra,248,R8336,GENERAL ENRIQUE GODOY
7776,O'Higgins,534,D5703,BARRANCA COLORADA
7777,Dorrego,721,B7530,RAULET
7778,Dorrego,424,R8400,NIRIHUAO (ESTACION FCGR)
7779,Lavalle,455,Y4605,PAÑO
7780,Saavedra,215,M5620,EL NEVADO
7781,Laprida,141,X5000,BARRIO REMEDIOS DE ESCALADA
7782,Lavalle,552,E3203,PEDERNAL
7783,Tucumán,441,E3248,COLONIA LUCRECIA
7784,Alberdi,897,H3543,LOTE 12
7785,Dorrego,822,B6237,CERRITO
7786,French,76,S3023,SARMIENTO
7787,Dorrego,110,J5400,BARRIO JUAN XXIII
7788,Lavalle,126,E3212,EL GUALEGUAY (APEADERO FCGU)
7789,Chile,930,X5145,EL CARMEN (GUIÑAZU
7790,España,930,S3048,COLONIA SOL DE MAYO
7791,San Martín,515,U9211,EL COLHUE
7792,Güemes,441,X6132,COLONIA LA MAGDALENA DE ORO
7793,Saavedra,261,Z9303,LAGUNA GRANDE
7794,Sarmiento,109,W3346,COSTA GUAVIRAVI
7795,Rivadavia,887,D5771,PASO DE LA CRUZ
7796,Alberdi,26,B1739,PARADA KILOMETRO 62
7797,Belgrano,819,B1649,ARROYO TORITO
7798,Güemes,300,G3743,TINTINA
7799,Alsina,238,X5280,LA TOMA (CRUZ DEL EJE-DPTO.CRUZ DEL EJE)
7800,O'Higgins,770,B6533,ALFREDO DEMARCHI
7801,Alberdi,512,T4158,ESCABA
7802,Sarmiento,507,B1649,ARROYO LIMA
7803,Belgrano,605,L6333,SOL DE MAYO
7804,O'Higgins,237,G4354,JUME ESQUINA
7805,French,401,R8416,SAN RAMON
7806,Alsina,770,D5724,NEGRO MUERTO
7807,Belgrano,303,G4300,LOS NARANJOS (ESTACION FCGB)
7808,Güemes,532,E2826,LA ESCONDIDA
7809,Rivadavia,794,L6331,MIGUEL CANE
7810,Chile,707,B7521,SAN SEVERO
7811,Alsina,652,U9201,ESTANCIA PAMPA CHICA
7812,Rivadavia,663,B1852,BARRIO EL HORNERO
7813,San Martín,76,U8532,EMPALME PUERTO LOBOS
7814,Saavedra,55,U9033,EL COITE
7815,Belgrano,359,E3190,CENTENARIO (LA PAZ
7816,Urquiza,234,T4151,LA TRINIDAD
7817,San Martín,239,F5359,BUENA VISTA (DISTRITO PUEBLO DPTO. SARMIENTO)
7818,Laprida,355,T4162,MONTE REDONDO (LA COCHA
7819,Alberdi,446,A4535,CAMPO ARGENTINO
7820,Dorrego,985,J5444,BERMEJO
7821,Lavalle,317,A4564,KILOMETRO 1448 (APEADERO FCGB)
7822,Belgrano,928,D5753,MANANTIAL LINDO
7823,Moreno,688,G4338,SAN PABLO (CLODOMIRA
7824,España,347,G4350,AZOGASTA
7825,Lavalle,977,X2561,COLONIA SAN EUSEBIO
7826,Mitre,253,D5755,EL PEJE
7827,Rivadavia,299,Y4618,PUNTA CANAL
7828,España,882,B2805,CANAL LEANDRO N. ALEM 2a. SECCION
7829,Pueyrredón,977,G4301,VILLA HIPOLITA
7830,España,860,S3046,EL SOMBRERERO
7831,Tucumán,587,G4350,PAMPA POZO (SUNCHO CORRAL
7832,Alberdi,434,P3636,GOBERNADOR YALUR
7833,O'Higgins,301,E3174,RINCON DE LAS GUACHAS
7834,Belgrano,551,X5248,SANTANILLA
7835,Chile,532,F5301,CHUQUIS
7836,Tucumán,514,Y4618,EL COLORADO
7837,Pueyrredón,264,G4334,POZO CEBADO (REAL SAYANA
7838,Chile,663,N3334,SAN ALBERTO
7839,O'Higgins,639,G5251,RETIRO (LA ISLA-DPTO.OJO DE AGUA)
7840,Moreno,243,R8417,LA CHILENA
7841,Urquiza,596,D5722,CASA PA
7842,Urquiza,318,M5500,BARRIO CANO
7843,Pueyrredón,770,R8363,ISLA CHICA
7844,O'Higgins,305,W3420,LOMAS SALADAS
7845,French,395,A4651,LIZOITE
7846,Chile,408,B6013,MORSE
7847,Alsina,362,A4550,EL RETIRO
7848,French,272,P3621,MAESTRO FERMIN BAEZ
7849,Pueyrredón,384,T4101,PUERTA DE PALAVECINO
7850,Güemes,129,L8212,IPIÑA
7851,Alberdi,799,Q8370,QUILA QUINA
7852,Sarmiento,989,W3463,VILLA TESARO
7853,Lavalle,577,G4208,SAUCE SOLO
7854,Güemes,34,U8431,HOYO DE EPUYEN
7855,Sarmiento,477,M5549,LOS PAPAGAYOS
7856,San Martín,24,K5341,LA PUNTILLA DE SAN JOSE
7857,Alsina,930,H3543,LOTE 3 (ENRIQUE URIEN
7858,Alsina,163,B1765,ISIDRO CASANOVA ESTAFETA No.6
7859,Moreno,193,X2434,EL DESCANSO
7860,Chile,707,S3025,MARIA LUISA
7861,Sarmiento,509,J5443,PUNTILLA BLANCA (EMBARCADERO FCGSM
7862,Rivadavia,726,L6341,LA MATILDE
7863,Pueyrredón,103,J5443,JOSE MARTI (ESTACION FCGB)
7864,Laprida,214,G5255,CAMPO DEL CISNE (SOL DE JULIO
7865,Chile,46,G4319,TOROPAN
7866,Lavalle,465,B7513,EL LUCERO
7867,Lavalle,587,E1647,ARROYO CORRENTOSO (GUTIERREZ)
7868,Moreno,206,F5473,NUEVA ESPERANZA
7869,Saavedra,260,D5753,EL CARDAL
7870,Alberdi,687,B1852,BARRIO LA CARLOTA
7871,Laprida,73,W3472,SAN NICOLAS (FELIPE YOFRE - DPTO. MERCEDES)
7872,Sarmiento,738,M5613,RIO GRANDE
7873,Pueyrredón,180,B7165,LIBRES DE SUD
7874,Pueyrredón,123,T4176,LOS PARAISOS
7875,Pueyrredón,762,G4225,SAN CARLOS (AMICHA-DPTO.RIO HONDO)
7876,Pueyrredón,893,B7130,CHASCOMUS
7877,Saavedra,115,X5200,CERRO DE LA CRUZ
7878,Pueyrredón,790,G4298,ALBARDON CHUÑA
7879,Chile,322,Y4641,SAN FRANCISCO DE ALFARCITO
7880,San Martín,399,L8336,LA PROVIDENCIA
7881,Rivadavia,107,X5201,LOS COQUITOS
7882,Laprida,540,G4351,STAYLE
7883,Lavalle,95,B8105,SAUCE CHICO
7884,Alberdi,697,B7641,EL PITO (ENERGIA
7885,Moreno,807,W3454,BUENA VISTA (DPTO. GOYA)
7886,San Martín,791,K4715,LAS BURRAS
7887,Tucumán,849,S3018,IRIONDO
7888,Dorrego,719,A4415,YACERA
7889,Sarmiento,720,B1894,PEREYRA (PDO. BERAZATEGUI)
7890,Dorrego,938,K5331,EL PUEBLITO
7891,Lavalle,783,B8180,PUAN
7892,España,384,X5137,LOS AVILES
7893,Belgrano,758,L6361,LA VICTORIA (AGUSTONI
7894,French,288,M5632,PUEBLO LUNA
7895,Alberdi,472,A4552,CORRALITO (GRAL. BALLIVIAN
7896,Mitre,431,B8111,PUERTO BELGRANO
7897,Sarmiento,28,B7116,LA FLORIDA (PILA
7898,Belgrano,544,T4144,VILLA QUINTEROS
7899,Urquiza,728,B2701,SANTA TERESITA PERGAMINO
7900,Laprida,986,B1923,BARRIO OBRERO BERISSO
7901,Dorrego,291,L6319,SAN FRANCISCO
7902,Lavalle,956,E3190,SARANDI-CORA
7903,Tucumán,381,J5435,RAMBLON (ESTACION FCGSM)
7904,Chile,934,B2700,BARRIO ACEVEDO
7905,Moreno,732,S2240,CAMPO GARCIA
7906,San Martín,518,Y4600,BARRIO VEINTITRES DE AGOSTO
7907,Sarmiento,657,D5700,POZO ESCONDIDO
7908,Güemes,464,X2413,COLONIA VALTELINA
7909,Urquiza,185,B2346,ESTINGANA
7910,Pueyrredón,926,E3105,EJIDO DIAMANTE
7911,Laprida,585,K4234,POZO GRANDE
7912,Lavalle,135,B7163,SPERONI
7913,Alberdi,394,B1649,ARROYO DORADO
7914,Pueyrredón,609,B7225,RINCON DE VIVOT
7915,O'Higgins,593,K5265,LA BARROSA (BAVIANO
7916,Moreno,568,J5411,LUZ DEL MUNDO
7917,Urquiza,53,B1649,ARROYO LAS ROSAS (TIGRE - PDO. TIGRE)
7918,French,974,X6271,ITALO
7919,Alsina,827,L6315,VILLA MIRASOL
7920,Moreno,32,E3200,CONCORDIA
7921,Saavedra,361,S3066,CAMPO GARAY
7922,Alberdi,317,R9138,LA AMISTAD
7923,Laprida,101,T4113,CACHI YACO (APEADERO FCGB
7924,Sarmiento,828,G4178,EL BAGUAL
7925,Laprida,874,X5871,SAN PEDRO DE SAN ALBERTO
7926,Laprida,345,D5721,LOS COROS
7927,Güemes,260,B1852,BARRIO EL HORNERO
7928,Lavalle,864,N3309,ARROYO TOMAS
7929,Alberdi,926,N3361,PANAMBI
7930,Dorrego,381,T4186,LAS CEJAS (DPTO. CRUZ ALTA)
7931,Tucumán,162,F5474,CORTADERAS (EMBARCADERO FCGB)
7932,Moreno,393,G4353,PACIENCIA
7933,Urquiza,861,T4115,ROMERA POZO
7934,Chile,743,W3416,COSTA DE ARROYO SAN LORENZO
7935,Moreno,216,R8424,PRAHUANIYEU
7936,Tucumán,514,P3601,EL GATO
7937,Laprida,789,E1647,ARROYO LA TINTA
7938,Chile,678,T4144,VILLA QUINTEROS
7939,Alsina,854,D5701,SAN ROQUE (DPTO. LA CAPITAL)
7940,Saavedra,493,B1649,CUATRO BOCAS
7941,Alsina,259,X5249,EL PROGRESO
7942,Alsina,254,B6700,LA LOMA (LUJAN
7943,España,389,H3730,CAMPO FERRANDO
7944,San Martín,583,J5449,LOS BARRIALES
7945,Alsina,518,H3705,EL PINTADO
7946,Moreno,802,H3722,PAMPA SAN MARTIN
7947,Urquiza,622,R8503,SAN JUAN (GRAL. CONESA
7948,Saavedra,515,W3222,LA FLOR (JUAN PUJOL
7949,Tucumán,649,G2341,COLONIA GERALDINA
7950,Urquiza,157,W3340,CASUALIDAD (SANTO TOME
7951,O'Higgins,220,B1649,ARROYO MENDEZ GRANDE
7952,Dorrego,614,B1870,BULLRICH
7953,Chile,227,T4146,SALADILLO
7954,Mitre,179,W3414,ABRA (ITATI
7955,Belgrano,43,D6216,UNION
7956,Mitre,129,B7603,LA COLMENA
7957,Laprida,205,E2843,GENERAL GALARZA
7958,Saavedra,238,G4206,KILOMETRO 135 (APEADERO FCGB)
7959,Pueyrredón,282,D5750,LA ALAMEDA (LA TOMA - DPTO. PRINGLES)
7960,Moreno,950,D5753,PIEDRA ROSADA
7961,España,840,R8501,BALNEARIO EL CONDOR
7962,Saavedra,158,B2752,LA LUISA
7963,San Martín,771,D5719,ALTILLO
7964,Chile,316,B1900,LA PLATA ESTAFETA No.11
7965,Pueyrredón,134,B7600,MAR DEL PLATA SUCURSAL No.3
7966,Moreno,790,B7020,CAMINERA JUAREZ
7967,Lavalle,779,G5251,EL CERRO
7968,Pueyrredón,868,P3630,LAS SALADAS
7969,O'Higgins,448,B1623,LOS TALAS
7970,Mitre,618,U9201,LAS SALINAS
7971,Moreno,762,S3021,EL GALPON
7972,Alsina,838,W3405,COSTA SANTA LUCIA (TACURAL
7973,Lavalle,509,B6531,ALGARROBO (COLONIA MAURICIO
7974,Dorrego,142,U9201,ESTANCIA LA MIMOSA
7975,España,32,B1617,GENERAL PACHECO
7976,España,293,B6400,MARI LAUQUEN
7977,Mitre,953,X5201,TODOS LOS SANTOS
7978,Alberdi,350,X5216,ACOLLARADO
7979,Moreno,354,W3445,SALDANA
7980,San Martín,842,B1617,GENERAL PACHECO
7981,Güemes,180,B1900,LA PLATA ESTAFETA No.11
7982,French,888,B1766,BARRIO ALMAFUERTE (TABLADA
7983,Alsina,808,P3624,CAMPO DEL CIELO
7984,O'Higgins,528,M5549,CACHEUTA
7985,Rivadavia,337,L6341,LA RESERVA (IVANOWSKY
7986,Urquiza,382,L6321,LA MARCELA
7987,Alberdi,371,A4552,CAMPICHUELO
7988,Urquiza,522,Q8345,SAINUCO
7989,Mitre,973,B1888,BARRIO SANTO TOMAS
7990,Moreno,474,B1987,CUARTEL llo.
7991,Laprida,431,E3133,SOSA
7992,Belgrano,923,M5603,COLONIA RUSA
7993,French,898,X5212,EL DIVISADERO (AVELLANEDA
7994,Dorrego,836,M5582,RUTA 7 KILOMETRO 1014
7995,Saavedra,360,G5255,EL RETIRO (SOL DE JULIO
7996,French,645,B6509,ESCUELA AGRICOLA SALESIANA
7997,Urquiza,631,E3252,SANTA ROSA (VILLA CLARA- DPTO.COLON)
7998,Mitre,259,D5721,SALITRAL
7999,Güemes,910,J5460,RINCON (JACHAL
8000,Rivadavia,625,B6648,MECHA
8001,Pueyrredón,652,X5231,SEBASTIAN ELCANO
8002,Chile,984,B1649,ARROYO CAMACHO
8003,Sarmiento,924,M5595,ÑACUÑAN
8004,Pueyrredón,641,L8200,LAS ACACIAS
8005,O'Higgins,552,S3087,NUEVO TORINO
8006,Urquiza,495,E2820,VILLA LILA
8007,San Martín,574,S3585,KILOMETRO 403
8008,San Martín,737,X5813,EL BARREAL (GIGENA
8009,Dorrego,276,R8417,EL GAUCHO POBRE
8010,Urquiza,562,U9009,HOLDICH
8011,French,942,P3601,SANTA MARIA
8012,Tucumán,468,N3355,PASO PORTEÑO
8013,Dorrego,794,W3405,SALDAÑA
8014,Sarmiento,948,G5253,POZO DEL CHAÑAR (SAN CARLOS
8015,Alsina,580,Y4600,VILLA CUYAYA
8016,Moreno,928,B6535,SANTA MARIA DE BELLOCQ
8017,Pueyrredón,314,Z9019,DIECINUEVE DE SEPTIEMBRE
8018,Belgrano,479,B1649,ARROYO CAPITAN CHICO
8019,O'Higgins,250,U9121,PAINALUF
8020,Belgrano,202,G5255,CHILCA (SOL DE JULIO
8021,Laprida,933,E2840,SALADERO ALZUA
8022,Mitre,804,X5801,LAS COLECITAS
8023,Güemes,458,F5325,LA PIRGUA
8024,Tucumán,164,H3543,LOTE 12
8025,Belgrano,346,X5246,LO MACHADO
8026,Tucumán,678,B1987,CANCHA DEL POLLO
8027,Moreno,104,X5965,ALMACEN 25 DE MAYO
8028,Alsina,607,M5561,VILLA BASTIAS
8029,Saavedra,656,D5703,DESEMPEÑO
8030,Saavedra,115,K5315,LOS BALDES
8031,Moreno,287,Z9300,PUERTO SANTA CRUZ
8032,Tucumán,382,G4201,CHILQUITA (CHILCAS LA LOMA
8033,España,247,X5009,BARRIO URCA
8034,Alsina,605,K5341,ANILLACO
8035,Mitre,606,T4115,LAS ENCRUCIJADAS
8036,Rivadavia,581,U9107,VEINTIOCHO DE JULIO
8037,Alsina,179,L8200,LOTE 18 (GRAL. ACHA
8038,Sarmiento,95,B8115,LA VIRGINIA
8039,Belgrano,455,G5258,SAN PEDRO (KILOMETRO 49-DPTO.OJO DE AGUA)
8040,French,644,J5403,MINA SAN JORGE
8041,Moreno,268,S2535,TAIS
8042,Belgrano,857,X5119,ALTO DEL DURAZNO
8043,Chile,696,T4186,POZO LAPACHO
8044,Güemes,973,N3384,DESEADO
8045,French,411,S3551,KILOMETRO 392 (EMBARCADERO FCGB)
8046,French,363,U9227,RIO CISNES
8047,Sarmiento,155,K5321,LAS BREAS
8048,San Martín,952,X5989,BAJO DEL CARMEN
8049,Laprida,748,M5603,COLONIA ELENA
8050,Laprida,828,B7136,ADELA
8051,French,980,U9121,PLANCUNTRE
8052,Sarmiento,944,T4128,POTRERO DE LAS TABLAS
8053,Rivadavia,149,B7600,BARRIO SAN CAYETANO (MAR DEL PLATA
8054,Saavedra,391,B8146,EL RINCON (MAYOR BURATOVICH
8055,España,684,B1609,BOULOGNE ESTAFETA No.1
8056,Sarmiento,330,B1649,ARROYO CRUZ DEL SAUCE
8057,Mitre,563,S3575,LANTERI
8058,San Martín,96,G4184,HUMAITA
8059,Tucumán,52,W3432,PROGRESO
8060,Alberdi,670,S2105,CEPEDA
8061,Lavalle,833,B1649,CANAL GOBERNADOR ARANA
8062,Moreno,319,H3514,CAMPO DE LA CHOZA
8063,Güemes,861,B6661,MAMAGUITA
8064,Urquiza,606,M5570,GENERAL SAN MARTIN
8065,Alberdi,507,Q8349,COLIPILI
8066,España,297,T4000,VILLA ZENON J. SANTILLAN
8067,Laprida,274,B7603,LAS LOMAS
8068,Tucumán,424,B1846,BARRIO SAN JUAN (ALTE. BROWN
8069,Lavalle,128,B1649,ARROYO HERMANA SEGUNDA
8070,O'Higgins,395,H3505,PUNTA NUEVA
8071,Dorrego,431,W3342,SAN VICENTE (GDOR.ING. VALENTIN VIRASORO - DPTO. SANTO TOME)
8072,Pueyrredón,434,X5101,LAS CAÑAS (CO;LONIA TIROLESA-DPTO.COLON)
8073,Tucumán,279,F5385,CHILA
8074,Moreno,316,X5201,LA ZANJA
8075,Sarmiento,155,E3114,ALDEA MARIA LUISA
8076,Alberdi,667,Y4624,PUESTO
8077,Pueyrredón,295,J5449,PAPAGAYOS
8078,Rivadavia,247,X5006,BARRIO ALTAMIRA
8079,Lavalle,140,A4651,SAN FELIPE (SANTA VICTORIA
8080,San Martín,627,D5707,BALDE DE ARRIBA
8081,Belgrano,233,E3229,COLONIA SANTA ELVIRA
8082,Moreno,173,F5359,PEÑAS BLANCAS
8083,Güemes,688,W3483,INFANTE
8084,Rivadavia,173,T4257,LA TIPA
8085,Chile,908,K5341,LA CIENAGA DE LOS ZONDONES
8086,Pueyrredón,108,H3545,VILLA BERTHET
8087,Urquiza,468,U9121,CALETA VALDEZ
8088,Urquiza,121,D6277,SAN JUAN
8089,Dorrego,288,G4326,LUGONES
8090,Laprida,464,U9005,EL TREBOL
8091,Urquiza,987,D6216,LAS MARTINETAS
8092,Moreno,141,Q8345,CHANQUIL-QUILLA
8093,Rivadavia,914,B7119,LA AMORILLA
8094,O'Higgins,335,M5517,TRES BANDERAS
8095,Mitre,873,W3340,LOS BRETES
8096,Saavedra,644,B2804,EL FENIX
8097,Dorrego,856,W3403,KILOMETRO 76 (EMBARCADERO FCGU)
8098,Urquiza,603,Y4600,EL ALGARROBAL
8099,San Martín,123,G5250,LA TOTORILLA
8100,Laprida,768,X5285,LA HIGUERA (DPTO.CRUZ DEL EJE)
8101,French,114,D6279,EL RECUERDO (NAHUEL MAPA
8102,Urquiza,337,E3265,SAN FRANCISCO (VILLA ELISA
8103,Alsina,539,H3513,EL TUPI
8104,España,204,B7313,LA NUTRIA
8105,Sarmiento,153,S2119,ARMINDA
8106,Belgrano,461,B1826,REMEDIOS DE ESCALADA ESTAFETA Nº3
8107,Lavalle,238,G4233,AMAPOLA
8108,Pueyrredón,873,B1888,BARRIO MONTEVERDE
8109,España,871,B7116,LAS CHILCAS (PILA
8110,Saavedra,517,A4427,YANCHUYA
8111,San Martín,565,B6660,25 DE MAYO
8112,España,728,H3524,EL CAMPAMENTO
8113,Güemes,774,B2705,PIRUCO
8114,Urquiza,778,U9009,MONTE DE LA COLONIA
8115,Lavalle,509,N3300,BARRIO SAN CAYETANO
8116,Urquiza,628,F5385,LAS HIGUERAS
8117,O'Higgins,960,H3503,VILLA FLORIDA
8118,España,671,W3344,LA LOMA (TORRENT
8119,Laprida,230,T4117,EL NARANJO (DPTO. BURRUYACU)
8120,Mitre,242,X2661,CAMPO FRESCO
8121,Dorrego,674,E1647,ARROYO SAGASTUME GRANDE
8122,O'Higgins,565,G4354,TRES CHAÑARES
8123,French,915,S2255,RIGBY
8124,San Martín,658,G4326,AVE MARIA
8125,Rivadavia,267,Y4600,LA CUESTA
8126,Tucumán,75,W3423,PASO IRIBU CUA
8127,España,712,X5189,POTRERO DE GARAY
8128,O'Higgins,859,D5724,JARILLA
8129,Tucumán,76,X6140,COLONIA ARGENTINA
8130,Laprida,693,B7105,AUTOCAMPING SAN CLEMENTE
8131,San Martín,505,W3440,BARRIO VILLA CORDOBA
8132,Chile,806,B6561,SAN BERNARDO (PDO. TAPALQUE)
8133,French,311,W3222,KILOMETRO 134 (APEADERO FCGU)
8134,Laprida,857,Q8373,LAS MERCEDES
8135,San Martín,793,T4176,LA ESPERANZA (DPTO. GRANEROS)
8136,Alsina,540,H3536,COLONIA HERRERA
8137,Güemes,726,T4101,LAS TALITAS
8138,España,990,T4158,TALAMUYO
8139,Rivadavia,435,L6214,LA POMONA
8140,Güemes,166,W3485,CURUZU LAUREL
8141,Dorrego,362,S6100,LA INES
8142,Moreno,549,Y4516,FINCA LA REALIDAD
8143,España,26,W3344,TORRENT
8144,French,28,D5711,LA AGUADA (QUINES
8145,Moreno,289,Y4608,LAS PAMPITAS
8146,Belgrano,76,L6352,EL RUBI
8147,España,981,B1744,MORENO ESTAFETA No.11
8148,Laprida,415,Y4653,POTRERO (CIENEGUILLAS
8149,Mitre,844,P3600,BARRIO LOURDES
8150,Chile,516,U9020,SIERRA DEL CENTRO
8151,Saavedra,307,S2126,CRESTA
8152,Dorrego,541,X5199,LAS SIERRITAS
8153,Urquiza,74,E3204,COLONIA DON BOSCO
8154,Pueyrredón,363,J5443,SANTA MARIA DEL ROSARIO
8155,French,454,B7530,PILLAHUINCO
8156,O'Higgins,243,R8412,LA QUEBRADA
8157,Lavalle,567,G4220,CAÑADA DE LA COSTA
8158,Urquiza,520,T4162,SAUCE SECO
8159,French,52,Q8313,CERRO DEL LEON
8160,Chile,260,E3134,LA JULIANA
8161,Güemes,587,G5255,LIMACHE
8162,Moreno,554,S2501,MARIA LUISA CORREA
8163,Sarmiento,997,J5449,BALDES DEL SUD
8164,Sarmiento,508,F5470,LA PRIMAVERA
8165,Urquiza,896,X5200,KILOMETRO 832 (APEADERO FCGB)
8166,Urquiza,531,X5249,BUENA VISTA (GUTENBERG-DEPTO.RIO SECO)
8167,Rivadavia,983,U9121,BAJO LAS DAMAJUANAS
8168,Dorrego,762,D5711,PASO DEL MEDIO
8169,Lavalle,503,B1862,BARRIO SANTA MAGDALENA
8170,Saavedra,48,B8109,PEHUEN CO
8171,San Martín,631,J5409,BODEGA GRAFFIGNA
8172,Alberdi,202,A4434,QUESERA
8173,España,225,L6228,LA PAMPEANA
8174,Alsina,32,T4111,PALA PALA
8175,Alberdi,472,B1865,LA FORTUNA
8176,Alberdi,937,D5707,PEÑON COLORADO
8177,Lavalle,656,D5755,LA PUERTA
8178,Saavedra,562,G2354,CASARES
8179,España,49,X5220,ABBURRA
8180,Rivadavia,233,B2700,LA CORA
8181,Alsina,296,X5875,BANDA DE VARELA
8182,Rivadavia,604,B6667,LA RUBIA
8183,Chile,62,X5125,KILOMETRO 658 (EMBARCADERO FCGB)
8184,Chile,198,S2154,CAPITAN BERMUDEZ
8185,Alsina,774,B6405,DUHAU
8186,Dorrego,527,N3317,BONPLAND
8187,O'Higgins,615,X5166,EL PERCHEL (MOLINARI
8188,Sarmiento,158,X5249,LOS JUSTES
8189,San Martín,549,X5214,KILOMETRO 881 (EMBARCADERO FCGB)
8190,Pueyrredón,702,Q8347,LAS LAJAS
8191,España,68,G3747,FLORIDA (CAMPO GALLO
8192,San Martín,227,B1646,SAN FERNANDO
8193,Pueyrredón,868,T4000,BARRIO HIPOLITO YRIGOYEN
8194,Güemes,297,A4535,ARENALES
8195,Güemes,311,B6537,ORDOQUI
8196,Saavedra,901,U9200,MATUCANA
8197,Saavedra,706,H3703,PAMPA FLORIDA
8198,San Martín,640,B1640,MARTINEZ ESTAFETA No.5
8199,Chile,880,U9227,LAURITA
8200,Urquiza,666,G4317,PUNTA POZO (VILLA ATAMISQUI
8201,O'Higgins,695,B6437,ALFA
8202,Pueyrredón,667,M5571,CHIVILCOY
8203,Güemes,560,S2117,ALCORTA (DEP. CONSTITUCION)
8204,French,288,T4132,FINCA PEREYRA
8205,Rivadavia,422,E2852,BERISSO (DESVIO FCGU)
8206,Tucumán,381,Q8370,LA FORTUNA
8207,Laprida,707,L6323,SAN FRANCISCO DE LA RAMADA
8208,Laprida,479,E3190,COLONIA BUENA VISTA
8209,Sarmiento,886,Q8373,QUENTRENQUEN
8210,Sarmiento,71,B7603,LA REFORMA (CMTE. NICANOR OTAMENDI
8211,España,289,B1903,LAS CHACRAS (MELCHOR ROMERO
8212,Belgrano,44,B7111,PLAYA SAN BERNARDO (MUNICIPIO URBANO DE LA COSTA)
8213,Tucumán,536,Z9400,LAURITA
8214,Pueyrredón,291,B7613,CALFUCURA
8215,Mitre,476,A4193,LA CRUZ
8216,O'Higgins,95,R8360,NEGRO MUERTO
8217,Rivadavia,337,X5819,LAS PEÑAS SUD
8218,Tucumán,119,N3322,PUERTO VIEJO
8219,San Martín,144,S3575,CAMPO SIETE PROVINCIAS
8220,Urquiza,578,Y4522,PALO SANTO
8221,Belgrano,902,D6277,LA INVERNADA (BUENA ESPERANZA
8222,Saavedra,133,W3471,COLONIA CARLOS PELLEGRINI
8223,Pueyrredón,914,W3197,PASO CEJAS
8224,Alsina,384,S2732,CUATRO DE FEBRERO
8225,Saavedra,742,B1808,BADIOLA
8226,French,233,P3611,PUERTO PILCOMAYO
8227,España,629,F5275,LOS MISTOLES
8228,Moreno,533,W3407,ZAPALLOS
8229,España,350,B7403,CERRO SOTUYO
8230,Alberdi,603,X5839,LOS JAGUELES
8231,Chile,450,E2805,ISLA EL DORADO
8232,Laprida,936,B7174,ESCUELA AGRICOLA RURAL N. EZEIZA
8233,Tucumán,948,K4741,CARAPUNCO
8234,Mitre,986,D5731,LAS CAROLINAS
8235,Urquiza,510,G2354,TRES POZOS (CASARES-DPTO.AGUIRRE)
8236,Moreno,268,Z9303,PASO RIO SANTA CRUZ
8237,Pueyrredón,757,E2823,ARROYO CABALLO
8238,Sarmiento,999,L8206,LOTE 23 (ESCUELA 264
8239,Belgrano,730,Q8363,LOS MENUCOS
8240,Sarmiento,917,S2527,MARIA SUSANA
8241,Laprida,785,S3051,EL PAJARO BLANCO
8242,Saavedra,608,W3344,PANCHO CUE
8243,Alberdi,912,G4351,TRES POZOS (WEISBURD-DPTO.MORENO)
8244,San Martín,690,N3374,PUERTO BEMBERG
8245,Urquiza,968,X5801,LA AGUADA (DPTO.RIO CUARTO)
8246,Güemes,665,R8363,LA JULIA
8247,Rivadavia,413,S2326,COLONIA BOSSI
8248,Dorrego,825,W3481,ESTANCIA MBOTA
8249,O'Higgins,173,T4129,INGENIO SAN PABLO
8250,España,479,B1649,ARROYO EL CAZADOR
8251,Alberdi,22,B2916,LAS BAHAMAS
8252,Dorrego,616,E3181,MOREIRA
8253,Mitre,163,E3190,LA PAZ
8254,Sarmiento,584,G3741,DONADEU
8255,Rivadavia,383,S2349,RIPAMONTI
8256,Belgrano,346,F5473,VILLA NIDIA
8257,O'Higgins,984,D5738,AVANZADA
8258,O'Higgins,988,G4189,LA TALA
8259,O'Higgins,700,D5701,RIO GRANDE
8260,Alberdi,255,D5755,LA HUERTITA
8261,Urquiza,45,T4101,TRES SARGENTOS
8262,Dorrego,373,G4312,MILI
8263,San Martín,226,X5221,POZO CORREA
8264,Rivadavia,651,A4535,LAS LLAVES
8265,Chile,129,X6101,HARAS LA ESMERALDA
8266,Sarmiento,264,G4332,COLONIA DORA
8267,Güemes,283,S2105,PEREYRA LUCENA
8268,Tucumán,223,X5249,EL GALLEGO
8269,San Martín,908,G4184,EL PARANA
8270,Chile,964,R8416,ANECON GRANDE
8271,Dorrego,593,P3620,COMANDANTE FONTANA
8272,Güemes,164,W3440,VILLA AQUINO
8273,Tucumán,310,X5212,CRUZ MOJADA
8274,Alsina,423,B1649,ARROYO CHIVICO
8275,Alsina,391,B1879,QUILMES OESTE ESTAFETA Nº6
8276,Belgrano,879,R8422,BLANCA CHICA
8277,Dorrego,157,B1617,BARRIO EL EMBRUJO
8278,Rivadavia,223,W3346,BACACAY
8279,O'Higgins,632,B1888,BARRIO CORTEZ
8280,Saavedra,506,T4122,LA HIGUERA
8281,Sarmiento,183,A4434,CABEZA DE BUEY
8282,Chile,407,G4302,ARDILES DE LA COSTA
8283,Lavalle,159,K5264,LA MARAVILLA
8284,French,917,J5425,VILLA FRANCA
8285,Rivadavia,479,W3403,LA ELOISA
8286,Pueyrredón,149,L8204,LA FRANCE
8287,Mitre,551,L6325,LA AVANZADA
8288,España,629,S2307,GALISTEO
8289,España,842,G4238,MEDIO MUNDO
8290,O'Higgins,336,J5427,QUINTO CUARTEL
8291,Moreno,246,G4189,LOS CERROS
8292,Tucumán,271,B7505,ESTACION SAN FRANCISCO DE BELLOCQ
8293,Laprida,636,Z9400,SOFIA
8294,Mitre,795,G4208,SANTA BARBARA
8295,French,913,D6279,DIXONVILLE
8296,Alberdi,339,B8150,SAUCE GRANDE
8297,Moreno,839,X5281,LOS HORMIGUEROS
8298,San Martín,849,E1649,ARROYO LARA
8299,Saavedra,502,X5285,EL BARRIAL
8300,Alsina,874,W3234,SAN ISIDRO (SAN ANTONIO - DPTO. PASO DE LOS LIBRES)
8301,Lavalle,465,G2357,EL HUAICO
8302,Belgrano,269,R8412,CERRO DAVID
8303,Güemes,177,G4301,PALMA POZO
8304,San Martín,517,P3608,EL ÑANDU
8305,Güemes,81,A4409,INGENIERO MAURY
8306,España,406,E2845,COLONIA DUPORTAL
8307,Pueyrredón,96,G4302,BANEGAS
8308,Pueyrredón,144,G3714,MONTE QUEMADO (DPTO.COPO)
8309,Alsina,619,S2132,AERO CLUB ROSARIO (APEADERO FCGM)
8310,Güemes,464,Y4618,PUNA DE JUJUY
8311,Urquiza,270,L6214,LAS DELICIAS (RANCUL
8312,French,215,G5253,TRONCO QUEMADO
8313,Lavalle,428,G4336,LOS HERRERAS
8314,Pueyrredón,564,G5251,RETIRO (LA ISLA-DPTO.OJO DE AGUA)
8315,España,988,A4633,IRUYA
8316,Rivadavia,855,K4743,RIO POTRERO
8317,Alsina,35,G2356,MONTE CRECIDO
8318,Lavalle,703,T4174,LOS AGUIRRE (PALOMINOS
8319,Alsina,342,J5409,SANTA BARBARA
8320,Belgrano,700,G5251,NARANJITOS
8321,Moreno,391,U9201,EL CALAFATE
8322,Belgrano,627,L6315,VILLA SAN JOSE
8323,Güemes,408,W3466,BAIBIENE
8324,Moreno,598,P3603,SOLDADO EDMUNDO SOSA
8325,Alsina,518,B6443,EPUMER
8326,Pueyrredón,297,K5261,CABALLA
8327,Belgrano,342,M5596,SANTA ROSA
8328,San Martín,719,Y4501,ISLA GRANDE
8329,Rivadavia,502,M5547,BARRIO SAN IGNACIO
8330,Sarmiento,372,S3023,PROGRESO
8331,Saavedra,512,E3118,CENTRO COMUNITARIO COLONIA NUEVA
8332,Dorrego,547,Y4518,YUTO
8333,San Martín,970,X5960,RIO SEGUNDO
8334,Alberdi,316,M5585,RODRIGUEZ PEÑA
8335,Pueyrredón,700,W3344,SANTA ISABEL (TORRENT-DPTO.GRAL.ALVEAR)
8336,Lavalle,165,P3620,SOLDADO RAMON ANTONIO ARRIETA
8337,España,23,D5721,SAN JORGE (VARELA
8338,Tucumán,974,K5261,EL POTRERO (RAMBLONES
8339,Urquiza,456,T4144,AMBERES
8340,Pueyrredón,89,D5753,EL SALADO
8341,Alsina,701,M5529,PEDREGAL
8342,Saavedra,751,E3200,BARRIO CREMONTE
8343,Lavalle,156,B7630,LA PRIMITIVA
8344,Alberdi,847,E3216,BENITEZ
8345,Mitre,146,R8424,PRAHUANIYEU
8346,Lavalle,912,B8504,PUNTA RUBIA
8347,Alberdi,301,G3741,AEROLITO
8348,Güemes,658,E3267,COLONIA LAS PEPAS
8349,Alsina,750,F5301,ANCHICO
8350,Alberdi,30,F5385,CARRIZAL-TAMA
8351,O'Higgins,337,N3355,ARROYO PERSIGUERO
8352,Rivadavia,572,X6275,LOS ALFALFARES (APEADERO FCGSM)
8353,Dorrego,713,S3001,RUINAS-SANTA FE-LA VIEJA
8354,O'Higgins,152,W3403,ALTA MORA (SAN LUIS DEL PALMAR
8355,Belgrano,309,S2242,AROCENA
8356,Chile,715,U9220,CAÑADON LA MADERA
8357,Lavalle,329,Y4612,PUERTA DE SALAS
8358,French,873,H3701,LA TIGRA
8359,Pueyrredón,293,B1625,CAMPOMAR (VIÑEDO)
8360,Belgrano,640,W3445,CABAÑA
8361,Belgrano,955,S2919,VILLA CONSTITUCION
8362,Pueyrredón,701,D5730,CIUDAD JARDIN DE SAN LUIS
8363,San Martín,598,L6321,LA VERDE (TELEN
8364,Saavedra,908,K4723,QUIMILPA
8365,San Martín,705,D5736,COMANDANTE GRANVILLE
8366,Alberdi,506,B6244,BANDERALO
8367,Dorrego,987,B1816,RUTA 3 KILOMETRO 75
8368,Alberdi,272,Q8316,EL ZORRO
8369,Mitre,680,L8203,SAN ANTONIO
8370,French,491,D5703,EL CHAÑAR (EL MILAGRO
8371,O'Higgins,104,Q8371,TROMEN
8372,San Martín,904,D5701,DANIEL DONOVAN
8373,Dorrego,336,M5560,RUIZ HUIDOBRO
8374,Rivadavia,30,M5513,COQUIMBITO
8375,Saavedra,172,T4101,MEDINA
8376,Rivadavia,444,E3191,MONTIEL
8377,Alberdi,188,U9009,LA FLORIDA
8378,España,391,W3222,SANTO DOMINGO (JUAN PUJOL-DPTO.MONTE CASEROS)
8379,Alberdi,908,X5203,MAJADILLA (TULUMBA-DPTO.TULUMBA)
8380,Pueyrredón,921,K4139,TOROYACO
8381,Tucumán,113,M5620,COLONA ALVEAR (FCGSM)
8382,Alsina,982,X5244,LA HIGUERITA (SAN JOSE DE LA DORMIDA-DPTO.TULUMBA)
8383,Lavalle,92,X5009,BARRIO CERRO CHICO
8384,San Martín,552,B7203,CHAPALEOFU
8385,Sarmiento,337,T4135,EL MOLLAR (DPTO. TAFI)
8386,Tucumán,187,X5107,LA QUEBRADA (DPTO.COLON)
8387,Lavalle,231,X2417,COLONIA BOTTARO
8388,Dorrego,955,W3450,ISLA SOLA
8389,Mitre,538,X5172,LAS PLAYAS (LA FALDA-DPTO.PUNILLA)
8390,Moreno,906,S6103,LAZZARINO
8391,Pueyrredón,119,S3081,HUMBOLDT CHICO
8392,Rivadavia,490,L6323,EMILIO MITRE
8393,San Martín,186,B2741,BARRIO EL RETIRO
8394,Belgrano,205,B1915,PARAJE STARACHE
8395,Dorrego,293,B8156,JOSE A. GUISASOLA
8396,Laprida,316,T4166,SAN FELIPE (MANUEL GARCIA FERNANDEZ
8397,French,788,J5446,EL CHUPINO
8398,España,815,X5871,PIEDRA PINTADA
8399,Chile,799,Y4653,CERRILLOS
8400,Moreno,899,E3201,COLONIA YERUA
8401,Pueyrredón,390,A4425,DURAZNO (GUACHIPAS
8402,Laprida,586,B2754,SAN RAMON (VIÑA
8403,Saavedra,459,B1716,BARRIO NUEVO (LIBERTAD
8404,Güemes,372,G3064,LA SIMONA (BANDERA-DPTO. BELGRANO)
8405,Saavedra,278,G4301,GUARCAN
8406,Laprida,352,B8150,LA SIRENA
8407,España,834,A4401,ANTONIO ALICE
8408,French,749,P3601,EL OMBU
8409,Moreno,354,R8411,LAGUNA FRIAS
8410,Urquiza,563,H3701,LAS CUCHILLAS (COLONIA JOSE MARMOL-PDO.COMANDANTE FERNANDEZ)
8411,O'Higgins,858,J5461,ALCAUCHA
8412,Urquiza,130,E3200,LESCA
8413,Rivadavia,574,E3142,COLONIA AVIGDOR
8414,Lavalle,58,E1647,ARROYO BRAZO CHICO
8415,Rivadavia,323,P3636,EL AZOTADO
8416,Sarmiento,290,E3248,SAN LUIS (SANTA ANITA
8417,Laprida,54,S2123,VILLA PORUCCI
8418,O'Higgins,691,G4336,SAN PEDRO (HUYAMAMPA-DPTO.BANDA)
8419,Chile,60,R8422,AGUADA DE PIEDRA
8420,O'Higgins,497,W3302,LOS GEMELOS
8421,Dorrego,547,W3448,PIRRA PUY
8422,Moreno,199,D5831,SANTA CLARA (SAN NICOLAS PUNILLA
8423,O'Higgins,539,D5707,SAN RUFINO
8424,Belgrano,38,S2301,PUEBLO SAN ANTONIO
8425,Dorrego,278,B1655,BARRIO LIBERTADOR
8426,Tucumán,120,M5543,HORNITO DEL GRINGO
8427,Rivadavia,176,M5541,ALGARROBAL ARRIBA
8428,Tucumán,185,X5248,EL CORO (EUFRASIO LOZA
8429,San Martín,666,G5255,COLONIA MERCEDES
8430,Belgrano,450,P3610,CLORINDA
8431,Belgrano,174,X5299,PASO LAS FLORES
8432,Laprida,558,T4119,TALA POZO
8433,O'Higgins,370,B6443,MALABIA
8434,Laprida,470,E2852,BERISSO (DESVIO FCGU)
8435,Alsina,231,G5251,BARRIALITO (CHACRAS
8436,Mitre,403,B7400,OLAVARRIA ESTAFETA Nº5
8437,Tucumán,737,N3317,COLONIA ARISTOBULO DEL VALLE
8438,Belgrano,345,G4322,SAN JAVIER (FERNANDEZ
8439,Güemes,352,P3611,SAN ANTONIO (TRES LAGUNAS
8440,Belgrano,540,M5547,BARRIO FRANCISCO NARCISO LAPRIDA
8441,French,958,X5212,AVELLANEDA
8442,San Martín,793,W3461,TALA PASO
8443,French,255,X5873,POZO DEL CHAÑAR (CONLARA-DPTO.SAN JAVIER)
8444,Tucumán,60,F5365,FAMATINA
8445,O'Higgins,940,X6142,GENERAL SOLER
8446,Sarmiento,42,L6321,SAN EMILIO
8447,Dorrego,771,X5155,CAVALANGO
8448,Alsina,436,E3111,ARROYO LAS TUNAS
8449,French,874,T4195,CORTADERAS (7 DE ABRIL
8450,Urquiza,248,W3340,CAMBAI
8451,Alberdi,303,B6451,INOCENCIO SOSA
8452,Belgrano,619,Y4640,LA FALDA
8453,Alberdi,284,A4409,GOBERNADOR SARAVIA
8454,Urquiza,392,J5438,PUENTE RIO SAN JUAN
8455,Tucumán,933,G3712,KILOMETRO 1380 (EMBARCADERO FCGB)
8456,Dorrego,112,W3463,SAUCESITO
8457,San Martín,396,X2572,BALLESTEROS
8458,Lavalle,51,D5715,LOS ALGARROBITOS
8459,French,599,M5517,TRES BANDERAS
8460,Alberdi,53,D5724,BALDE (DPTO. LA CAPITAL)
8461,Chile,400,E2840,SANTA MARTA (GUALEGUAY- DPTO.GUALEGUAY)
8462,España,708,E3272,HERRERA
8463,O'Higgins,735,G3712,EL CABURE
8464,Mitre,845,X5201,LAS CRUCESITAS
8465,Moreno,849,B2751,COLONIA STEGMAN
8466,España,927,B7163,BARRIO SAN MARTIN (PDO.GRAL. MADARIAGA)
8467,Belgrano,779,K4743,EL ESPINILLO
8468,Tucumán,146,G4233,RODEITO
8469,Mitre,688,X2417,EL PORVENIR (DEPTO. SAN JUSTO)
8470,Alsina,590,T4111,LOS CHAÑARITOS (SAN ANDRES
8471,Urquiza,892,H3500,VILLA BARRIO CENTENARIO
8472,French,436,B6600,BARRIO PAMPA CHICA
8473,San Martín,933,W3222,KILOMETRO 120 (APEADERO FCGU)
8474,Chile,959,B1806,BARRIO LUJAN
8475,Belgrano,438,B8154,CALVO
8476,Pueyrredón,345,B7400,LAS PIEDRITAS (OLAVARRIA
8477,Sarmiento,375,E3228,SANTA JUANA
8478,Saavedra,542,X5201,EL TALA (ISCHILLIN
8479,O'Higgins,177,S3016,SANTO TOME
8480,Pueyrredón,650,S2342,MONIGOTES
8481,Saavedra,279,H3500,BARRIO VILLA SAN MARTIN
8482,Mitre,473,Y4522,RIO GRANDE
8483,Dorrego,491,B7600,MAR DEL PLATA ESTAFETA No.10
8484,French,639,X5249,PUESTO DE LOS ALAMOS
8485,O'Higgins,96,B1759,BARRIO SAN ENRIQUE
8486,Chile,45,B8134,CABEZA DE BUEY
8487,Lavalle,175,S2322,CABAÑA EL CISNE
8488,Belgrano,707,B1686,PEREYRA (HURLINGHAM
8489,Sarmiento,134,T4107,YERBA BUENA (DPTO. TAFI)
8490,Tucumán,184,E3191,MANANTIALES
8491,Urquiza,497,B7600,MAR DEL PLATA ESTAFETA No.20
8492,Urquiza,785,K4139,LOS SALTOS
8493,Lavalle,256,G4301,VINAL VIEJO
8494,Belgrano,126,M5549,LAS CHACRITAS
8495,Chile,451,B2718,MARIANO H. ALFONSO
8496,Dorrego,973,X2428,KILOMETRO 581
8497,Rivadavia,275,L8201,EL TARTAGAL
8498,O'Higgins,850,B2346,ESTINGANA
8499,Pueyrredón,205,T4141,CALVIMONTE
8500,Sarmiento,782,M5594,COMANDANTE SALAS
8501,Rivadavia,198,Q8375,ZULEMITA
8502,Lavalle,465,G5255,QUENTI TACO
8503,Güemes,405,G3741,EL NOVENTA
8504,Mitre,121,S3014,ANGEL GALLARDO
8505,Chile,936,W3344,SANTA ANA (ALVEAR-DPTO.GRAL.ALVEAR)
8506,Pueyrredón,447,T4137,LA LAGUNITA
8507,Mitre,665,X5801,LAS COLECITAS
8508,Rivadavia,945,S6103,COLONIA CERNADAS
8509,Mitre,831,X5249,LAS MERCEDES
8510,Alsina,170,J5419,LOS PUESTOS
8511,Rivadavia,559,B2754,SAN JUAN (VIÑA
8512,Tucumán,823,E3252,COLONIA SANDOVAL
8513,Alsina,750,K4235,VILISMAN
8514,Urquiza,307,E3212,LOS CHARRUAS
8515,Sarmiento,753,D5719,SANTA ROSA (LAS BARRANCAS
8516,Moreno,564,P3636,TENIENTE GRAL. ROSENDO N. FRAGA (EMBARCADERO FCGB)
8517,Moreno,538,B7600,MAR DEL PLATA SUCURSAL No.2
8518,Alsina,195,W3220,MONTE CASEROS
8519,O'Higgins,306,T4174,ARROYO
8520,Chile,359,B8010,KILOMETRO 11 (APEADERO FCGR.)
8521,San Martín,869,E3101,VILLA MARIA
8522,Mitre,653,B6600,MERCEDES ESTAFETA No.2
8523,Lavalle,892,T4115,ROMERA POZO
8524,Mitre,577,B8146,MAYOR BURATOVICH
8525,Pueyrredón,138,N3350,VILLA ERRECABORDE
8526,Alberdi,598,X5221,CAÑADA DE JUME
8527,San Martín,867,G4301,CUQUENOS
8528,Dorrego,191,A4446,SAN JOSE DE ORQUERA
8529,Saavedra,300,T4115,CAMPO AZUL
8530,Sarmiento,875,V9411,PRIMAVERA
8531,Belgrano,25,R8415,HURRACA (CHACAY)
8532,Dorrego,648,M5632,EL RETIRO (COLONIA ALVEAR OESTE
8533,Alsina,158,D5721,PUNTOS DE AGUA
8534,French,24,D5724,SAN ANTONIO (ALTO PENCOSO
8535,Chile,864,G4223,PALMA REDONDA
8536,Moreno,755,Q8375,SAN IGNACIO
8537,O'Higgins,578,Q8315,LA PINTADA
8538,Tucumán,487,K5261,EL CERRITO (ESQUIU
8539,O'Higgins,655,X5225,PUESTO JULIA ROSA
8540,Sarmiento,751,T4105,RACO
8541,Rivadavia,657,L6305,SALINAS GRANDES (HIDALGO
8542,Belgrano,678,M5632,COLONIA ALVEAR OESTE
8543,Alsina,371,Q8318,PIEDRA CAIDA
8544,Güemes,230,J5407,DIQUE TOMA
8545,Rivadavia,486,X5936,SAN ANTONIO DE YUCAT
8546,Alsina,658,X2417,LA VICENTA
8547,Urquiza,637,Y4501,LAGUNA SAN MIGUEL
8548,Alberdi,586,S3551,LOS CLAROS
8549,Alsina,807,H3543,EL ESQUINERO
8550,San Martín,94,G4302,LA FALDA (SAN RAMON
8551,O'Higgins,581,A4193,APEADERO COCHABAMBA
8552,O'Higgins,688,W3302,SANGARA
8553,Tucumán,818,B6003,ASCENSION
8554,Alsina,115,E3216,WALTER MOSS
8555,San Martín,917,H3514,LAGUNA BLANCA
8556,Rivadavia,701,E3269,COLONIA BALLINA
8557,Alsina,37,K4139,LOS SALTOS
8558,Tucumán,940,T4117,PUESTO DE AVILA
8559,Laprida,499,L8212,HUCAL
8560,Saavedra,702,P3621,DOMINGO FAUSTINO SARMIENTO
8561,Tucumán,89,B1649,ARROYO CAPITAN CHICO
8562,Saavedra,333,B7108,MAR DEL TUYU
8563,España,623,F5385,EL PORTEZUELO
8564,Urquiza,677,E3228,VILLA LIBERTAD
8565,Güemes,206,H3722,LOS CHINACOS
8566,San Martín,264,D6277,LA SEGUNDA
8567,Alberdi,650,B1915,BARRIO EL PORTEÑO
8568,Sarmiento,198,B1925,DOCK CENTRAL
8569,Belgrano,945,V9411,PRIMAVERA
8570,Pueyrredón,795,T4115,AGUA AZUL
8571,San Martín,127,Q8345,CHANQUIL-QUILLA
8572,Laprida,993,E3151,CRUCECITAS 3ª SECCION
8573,Mitre,810,M5634,LOS CAMPAMENTOS (BOWEN
8574,O'Higgins,429,E3129,PUERTO VIBORAS
8575,Belgrano,451,G4233,EL TACIAL
8576,España,317,G4206,LA NORIA (DPTO. LORETO)
8577,Rivadavia,891,H3516,COLONIA TACUARI
8578,San Martín,978,H3513,LA NEGRA
8579,Moreno,25,U9111,CAMARONES
8580,San Martín,706,B6665,PEDERNALES
8581,Laprida,282,A4421,TRES ACEQUIAS
8582,Mitre,617,Q8370,LOLOG
8583,Güemes,548,U8431,EL HOYO
8584,Rivadavia,28,B6472,SANTA CECILIA NORTE
8585,Rivadavia,159,K5261,EL TOTORAL (LA DORADA-DPTO.ANCASTI)
8586,Alberdi,858,B1881,SAN FRANCISCO SOLANO ESTAFETA Nº3
8587,Alsina,884,A4563,EL AGUAY
8588,Rivadavia,664,E3287,COLONIA LA MATILDE (UBAJAY
8589,Belgrano,897,X2426,CAMPO BOERO
8590,Güemes,568,R8505,CERRO FRANCISCO
8591,Rivadavia,187,D5721,LAS COLONIAS
8592,Lavalle,75,H3705,EL QUEBRACHAL
8593,French,713,V9411,OBSERVATORIO METEOROLOGICO ORCADAS
8594,Alberdi,425,E3252,BELEZ
8595,Dorrego,177,W3474,URUGUAY
8596,Tucumán,867,G4302,LOS HERREROS
8597,Chile,408,X5158,LOS PUENTES
8598,Mitre,220,G4356,LAGUNILLA
8599,French,714,S3071,AGUARA GRANDE
8600,Saavedra,582,W3403,GARABATA
8601,Alberdi,540,X5289,EL TALA (TOSNO
8602,Belgrano,269,E3263,COLONIA SANTA TERESITA
8603,Chile,61,A4403,LA FAMA
8604,Sarmiento,688,B1746,BARRIO LA TRADICION
8605,Alsina,112,X6121,HUANCHILLA
8606,Saavedra,80,E3272,ESTANCIA COLONIA SANTA TERESA
8607,Saavedra,603,W3230,SANTA ISABEL (PASO DE LOS LIBRES-DPTO.PASO DE LOS LIBRES)
8608,Rivadavia,732,M5507,LUJAN DE CUYO
8609,Saavedra,924,T4172,LAS CEJAS (SIMOCA
8610,Güemes,73,H3531,NAPALPI
8611,French,577,X5281,SAN JOSE (MEDIA NARANJA-DPTO.CRUZ DEL EJE)
8612,Saavedra,623,R8333,EL CUY
8613,Dorrego,467,X5194,VILLA BERNA
8614,French,606,D5711,EL CALDEN (QUINES
8615,Tucumán,268,G3736,CAMPO DEL CIELO
8616,French,697,X5125,LA CELINA
8617,Rivadavia,990,F5361,ALTO CARRIZAL
8618,Laprida,729,N3326,COLONIA POLANA
8619,Tucumán,916,B1900,LA PLATA ESTAFETA No.18
8620,Belgrano,713,S2317,EUSEBIA
8621,Tucumán,700,A4405,LAS ROSAS
8622,Chile,878,X2423,LUIS A. SAUZE
8623,French,414,D5831,POSTE DE FIERRO
8624,Tucumán,159,S3016,SANTO TOME
8625,French,309,F5300,POZO DE AVILA
8626,Güemes,784,L6321,JAGUEL DEL ESQUINERO
8627,Mitre,448,B1816,RUTA 205 KILOMETRO 57
8628,Saavedra,740,B7541,PUEBLO SANTA MARIA
8629,San Martín,336,B8181,ALTA VISTA
8630,French,915,U9121,EL ESCORIAL
8631,O'Higgins,802,L8212,DOS AMIGOS (HUCAL
8632,Güemes,130,M5517,CRUZ DE PIEDRA
8633,Dorrego,394,G4301,REPARO
8634,Rivadavia,415,S2148,CENTENO
8635,Urquiza,786,Y4600,ALTO COMEDERO
8636,Chile,181,Q8353,CANCHA HUIGANCO
8637,Pueyrredón,923,B7311,CHILLAR
8638,Mitre,718,X5194,VILLA GRAL.BELGRANO
8639,Rivadavia,684,X5203,ALTO DE FLORES
8640,Pueyrredón,664,Z9013,CAÑADON SECO
8641,Sarmiento,364,A4434,JURAMENTO
8642,Alsina,885,D5750,YACORO
8643,O'Higgins,434,A4440,METAN
8644,Alberdi,808,L6307,LA ESMERALDA (MACACHIN
8645,San Martín,519,Q8340,PORTADA COVUNCO
8646,Alsina,122,G5257,POZO DEL MONTE
8647,Saavedra,900,K4701,CAÑADA VERDE
8648,Moreno,399,B6463,EL SANTIAGO
8649,Laprida,455,X5875,GUANACO BOLEADO
8650,Alsina,473,M5575,ANDRADE
8651,Pueyrredón,229,Y4630,CHORRILLOS
8652,Urquiza,951,X5885,LAS RABONAS
8653,Laprida,660,F5367,GUACHIN
8654,French,160,F5361,ALCUÑA
8655,Alsina,386,G4315,SAN LUIS (ESTACION ATAMISQUI
8656,Urquiza,378,T4122,LAS CRIOLLAS
8657,Rivadavia,575,S3592,EL RABON
8658,Alberdi,966,R8138,SAN LEON
8659,Güemes,406,W3485,CARANDAITI
8660,Tucumán,271,B1722,MERLO ESTAFETA No.4
8661,Laprida,567,J5413,VILLA JUAN XXIII
8662,Mitre,838,B8142,COLONIA LA GRACIELA
8663,España,97,T4147,VILLA CAROLINA
8664,Tucumán,225,K5264,JESUS MARIA
8665,España,953,X5841,SAN BASILIO
8666,Chile,682,M5541,EL PASTAL
8667,Alberdi,833,A4407,EL TUNAL (CAMPO QUIJANO
8668,Chile,639,T4111,COLONIA AGRICOLA
8669,Alsina,489,B1773,INGENIERO BUDGE
8670,Saavedra,498,D5721,ALTO PELADO
8671,Saavedra,754,K5263,LOS CERRILLOS
8672,Alberdi,883,A4542,EL CULCO
8673,Belgrano,634,X2426,COLONIA SAN BARTOLOME
8674,Pueyrredón,422,X6132,GENERAL LEVALLE
8675,Belgrano,679,X5925,SARMICA
8676,Alberdi,655,B1642,SAN ISIDRO ESTAFETA Nº4
8677,Moreno,400,B7116,LAS TORTUGAS
8678,Pueyrredón,633,B8170,DUCOS
8679,French,79,B7530,KRABBE
8680,Rivadavia,379,X5201,LAS CRUCESITAS
8681,Lavalle,570,G5253,MEDANOS
8682,Laprida,256,T4101,BARRIO DIAGONAL
8683,O'Higgins,545,B6451,LOS INDIOS (CURARU
8684,Mitre,635,B8000,BARRIO VISTA ALEGRE (BAHIA BLANCA
8685,Sarmiento,599,G4317,LOS SAUCES
8686,Güemes,559,K5260,SANTA LUCIA (RECREO-DPTO.LA PAZ)
8687,Rivadavia,882,K4700,BANDA VARELA
8688,Pueyrredón,780,G4354,SANTA ROSA (LA CAÑADA-DPTO.FIGUEROA)
8689,Lavalle,690,B7223,HARAS CHACABUCO
8690,Alsina,619,E2854,LARROQUE
8691,O'Higgins,606,L6354,LA CATALINA (URIBURU
8692,San Martín,413,S2000,BARRIO ACINDAR
8693,Dorrego,262,G4301,EL CHAÑAR (MONTE REDONDO
8694,Moreno,152,M5533,PARAMILLO (APEADERO FCGB)
8695,Urquiza,988,K4723,YAQUICHO
8696,España,77,F5263,EL MEDANO
8697,Moreno,943,L6352,LA PAZ
8698,Lavalle,38,B8185,CAMPO SAN JUAN
8699,Chile,897,G4326,SAN JOSE (PUNTA CORRAL
8700,Dorrego,790,E3252,SAN VICENTE
8701,Saavedra,145,W3470,YUQUERI (MERCEDES - DPTO. MERCEDES)
8702,Laprida,766,X5009,BARRIO PARQUE TABLADA
8703,O'Higgins,712,R8412,LAS BAYAS
8704,Alsina,452,Q8305,SAN PATRICIO DEL CHAÑAR
8705,Mitre,717,K4234,LA QUEBRADA (TAPSO-DPTO.EL ALTO)
8706,Dorrego,376,K4700,LAS VARITAS
8707,Dorrego,667,X5823,MODESTO ACUÑA
8708,French,692,R8424,AGUADA DE GUERRA
8709,Laprida,579,L6321,PICHI MERICO
8710,Mitre,875,A4415,BARRIO NEGRO (MINAS)
8711,Belgrano,190,E3240,KILOMETRO 288 (APEADERO FCGU)
8712,Rivadavia,124,P3621,DOMINGO FAUSTINO SARMIENTO
8713,Mitre,156,E3283,COLONIA MABRAGAÑA
8714,Alberdi,688,A4415,EL RODEO
8715,Rivadavia,129,B7403,COLONIA SAN MIGUEL
8716,Dorrego,69,S3000,SANTA FE
8717,Tucumán,306,A4190,OJO DE AGUA (ROSARIO DE LA FRONTERA
8718,Güemes,429,B2760,COLONIA LOS TRES USTARIS
8719,Urquiza,425,J5443,NUEVA ESPAÑA
8720,Alberdi,188,E3229,COLONIA SANTA ELVIRA
8721,O'Higgins,180,E3105,EJIDO DIAMANTE
8722,Moreno,828,X2555,CAMPO GRAL. PAZ
8723,Rivadavia,313,G4351,EL PERTIGO
8724,Tucumán,760,X5221,SANTA SABINA (SANTA CATALINA-DPTO.TOTORAL)
8725,French,581,J5467,TERMA PISMANTA
8726,Dorrego,848,G5250,CANTAMAMPA
8727,San Martín,196,B6017,SAN ROQUE
8728,Saavedra,92,X5871,CHANCANI
8729,Güemes,35,A4401,PAREDES
8730,Pueyrredón,477,G4324,DIASPA
8731,Mitre,137,Q8353,EL DURAZNO
8732,Tucumán,773,B1615,BARRIO DEVOTO
8733,Chile,647,Q8353,EL CHINGUE
8734,España,525,P3626,EL RECREO
8735,Dorrego,21,A4413,KILOMETRO 1424 (DESVIO FCGB)
8736,Sarmiento,586,X5233,PUESTO DE LUNA
8737,San Martín,835,N3317,COLONIA YACUTINGA
8738,Chile,242,W3384,ITA-CURUZU
8739,Pueyrredón,849,X5133,POZO DE LA ESQUINA
8740,Laprida,51,H3513,FORTIN CARDOSO
8741,Saavedra,606,Z9051,CABO TRES PUNTAS
8742,Urquiza,268,X5145,LOS POCITOS (ESTACION GRAL.PAZ-DPTO.COLON)
8743,Güemes,816,R8360,LA SARA
8744,Güemes,483,L6381,LOTE 25 (ESCUELA 146)
8745,Dorrego,347,E3111,MARIA GRANDE PRIMERA
8746,Lavalle,607,U8430,LAS GOLONDRINAS
8747,Tucumán,735,X5131,LAS ROSAS (TINOCO-DPTO.COLON)
8748,French,793,M5594,CATITAS VIEJAS
8749,Mitre,764,B1802,COLONIA LA VALENTINA
8750,Urquiza,720,K5261,RAMBLONES
8751,Sarmiento,678,S2146,LOS LEONES (CLASON
8752,Pueyrredón,373,B7414,SANTA ELENA (PDO. LAPRIDA)
8753,Chile,929,X5127,LAS CABRAS
8754,Sarmiento,789,Q8401,ESTANCIA NEWBERY
8755,Lavalle,987,E2840,ALBARDON
8756,España,184,X5194,VILLA BERNA
8757,Mitre,266,X5236,EL CRESTON DE PIEDRA
8758,España,950,X5221,RIO CHICO (SANTA TERESA-DPTO.COLON)
8759,Pueyrredón,178,B7100,EL SESENTA
8760,Chile,293,B8504,PUNTA RUBIA
8761,Moreno,322,G4317,CHILQUITA (VILLA ATAMISQUI
8762,Rivadavia,285,E3183,COLONIA SANTA MARCELINA
8763,O'Higgins,694,X5149,CASSAFFOUSTH (ESTACION FCGB)
8764,Belgrano,564,G5253,PUNUITA SUD
8765,Sarmiento,758,K4701,POZO DE PIEDRA (AMANA
8766,Güemes,959,D5724,LA UNION (ALTO PENCOSO
8767,Moreno,612,T4178,RANCHILLOS
8768,Tucumán,290,X5155,BUEN RETIRO
8769,Alberdi,339,P3628,LOS ESTEROS
8770,Saavedra,35,B1876,BARRIO PASCO
8771,Alberdi,576,M5503,PASO DE LOS ANDES
8772,Lavalle,211,G4178,LAS CANTINAS
8773,Mitre,930,W3306,SANTO TOMAS (SAN CARLOS-DPTO.ITUZAINGO)
8774,Saavedra,874,T4176,SOLEDAD (LA MADRID
8775,Sarmiento,416,B1649,ARROYO EL CAZADOR
8776,Belgrano,621,G3714,COLOMBIA
8777,Moreno,588,K4751,EL DURAZNO (JACIPUNCO
8778,Pueyrredón,618,Q8353,MINA CARRASCOSA
8779,Saavedra,251,D5701,LA VERTIENTE (CANTANTAL
8780,San Martín,263,Q8318,EL PELIGROSO
8781,Dorrego,388,S2521,LAS CHIQUITAS
8782,Lavalle,387,T4107,LAS MELLIZAS
8783,Sarmiento,491,B1649,ARROYO PARAGUAY
8784,O'Higgins,813,E3212,TENIENTE PRIMERO BRIGIO CAINZO (APEADERO FCGU)
8785,Lavalle,151,T4107,LA RINCONADA (PARADA)
8786,French,496,Q8340,BAJADA DE LOS MOLLES
8787,French,210,X2434,LA CURVA
8788,San Martín,292,X5901,CAYUQUEO
8789,Lavalle,908,B7101,RINCON DE LOPEZ
8790,Lavalle,505,Y4634,VETA MINA AGUILAR
8791,Belgrano,835,G3062,LAS TERESAS
8792,Rivadavia,166,A4432,MOJOTORO
8793,O'Higgins,666,P3511,KILOMETRO 254 (NAVEGACION RIO BERMEJO)
8794,Alberdi,861,E2805,COLONIA DELTA
8795,Laprida,261,X5801,LAS COLECITAS
8796,Dorrego,870,A4427,LAS CONCHAS (CAFAYATE - DPTO. CAFAYATE)
8797,Alsina,658,A4446,LAGUNITA
8798,San Martín,648,K5265,ESTANCIA
8799,Saavedra,512,X2400,BARRIO PARQUE
8800,Alsina,948,B1981,KILOMETRO 55 (APEADERO FCGB.)
8801,Urquiza,95,G4203,LA PUNTA
8802,Rivadavia,899,W3420,LOMAS (SALADAS
8803,Alsina,747,X5864,VILLA RUMIPAL
8804,Dorrego,464,X5164,SANTA MARIA (SANTA MARIA DE PUNILLA-DPTO.PUNILLA)
8805,Saavedra,581,G4187,SANTO DOMINGO (BOBADAL
8806,Alberdi,981,A4193,SAN JUAN (SAN LORENZO - DPTO. ROSARIO DE LA FRONTERA)
8807,O'Higgins,257,G4187,PIEDRA BUENA
8808,O'Higgins,541,Z9303,LA PORTEÑA
8809,French,498,E3132,KILOMETRO 116 (APEADERO FCGU)
8810,Belgrano,439,S2142,LUCIO V. LOPEZ
8811,O'Higgins,723,B8109,DESVIO SANDRINI
8812,Pueyrredón,895,X5184,EL ZAPATO
8813,Saavedra,793,K4139,BARRIO EL RECREO
8814,Alsina,380,X5291,PIEDRAS ANCHAS (SAN CARLOS MINAS
8815,Saavedra,371,T4119,TALA POZO
8816,O'Higgins,463,D5743,NUEVA ESCOCIA
8817,Alsina,486,U9113,FLORENTINO AMEGHINO
8818,Urquiza,745,N3317,PICADA PORTUGUESA
8819,Tucumán,802,L6303,LA VANGUARDIA
8820,España,918,F5717,KILOMETRO 732 (APEADERO FCGB)
8821,Pueyrredón,789,M5515,MAIPU
8822,Sarmiento,347,T4137,LOS CUARTOS
8823,Laprida,582,W3449,COLONIA PANDO
8824,Belgrano,355,D6216,FORTUNA
8825,Pueyrredón,477,W3485,VERON CUE
8826,Sarmiento,348,M5621,LOS COMPARTOS
8827,Tucumán,862,N3315,KILOMETRO 28 PICADA SAN JAVIER
8828,Dorrego,331,A4421,TRES ACEQUIAS
8829,Lavalle,478,X5107,EL ALGODONAL (VILLA CERRO AZUL
8830,Chile,359,X5008,BARRIO LOS PARAISOS
8831,Tucumán,44,B1744,BARRIO JARDINES DE MORENO
8832,O'Higgins,218,D5738,LAS TOTORITAS
8833,Lavalle,412,G4313,COLONIA PINTO
8834,Chile,198,X5248,SAN IGNACIO (EUFRASIO LOZA-DPTO.RIO SECO)
8835,French,195,T4115,LAGUNA BLANCA
8836,Mitre,617,H3732,COLONIA ABATE
8837,French,874,B6022,LAS PARVAS
8838,San Martín,532,L6220,SANTA FELICITAS
8839,Alsina,627,T4103,RINCON
8840,Rivadavia,153,B8150,CORONEL DORREGO
8841,Mitre,174,B6231,PRADERE
8842,O'Higgins,628,E3151,KILOMETRO 148 (APEADERO FCGU)
8843,Alsina,849,X5244,EL BAÑADO (TULUMBA)
8844,Mitre,783,E3240,PARAJE GUAYABO
8845,Saavedra,590,E3191,BONALDI
8846,Saavedra,645,W3443,RINCON DE SOTO
8847,Belgrano,987,G4354,RIO DE GALLO
8848,Alsina,420,T4187,VILLA EL RETIRO
8849,Urquiza,863,A4411,ACAZOQUE
8850,Rivadavia,111,B6451,SAN CARLOS (CURARU
8851,O'Higgins,534,G4313,ASPA SINCHI (ROBLES
8852,San Martín,550,M5582,INGENIERO GIAGNONI
8853,O'Higgins,438,U9007,PAMPA GARAYALDE
8854,Alberdi,785,X5270,QUILMES
8855,Moreno,597,B6601,SAN ELADIO
8856,Saavedra,401,L8200,LA CHITA (GRAL. ACHA
8857,Sarmiento,791,Y4616,CHAÑI (APEADERO FCGB)
8858,España,313,X5913,LA ZARA
8859,San Martín,58,B6531,GOBERNADOR ARIAS
8860,Saavedra,807,Y4504,LOTE ZORA
8861,Belgrano,79,Y4643,LAGUNA BLANCA
8862,Alsina,237,A4415,MAL PASO
8863,Mitre,761,S2726,VILLA ESTELA
8864,Saavedra,910,N3306,TORORO
8865,Sarmiento,678,D5753,LA HUERTA
8866,Sarmiento,467,P3611,TENIENTE GRAL. JUAN CARLOS SANCHEZ
8867,Pueyrredón,871,W3197,LOS EUCALIPTOS (LIBERTADOR
8868,Alsina,519,D5700,CORTADERAS (SAN LUIS
8869,Laprida,935,E3240,BARRIO BUEN PASTOR
8870,Lavalle,733,L6323,SAN FRANCISCO DE LA RAMADA
8871,Pueyrredón,463,Q8353,LAS CORTADERAS (CHOS MALAL
8872,Güemes,237,K4751,HUALFIN
8873,Urquiza,928,M5560,TOTORAL
8874,Laprida,768,W3230,EL PROGRESO
8875,Urquiza,23,P3611,ISLA CARAYA
8876,Saavedra,393,B6053,GUNTHER
8877,Sarmiento,846,F5470,PUNTA DEL CERRO
8878,Urquiza,538,W3463,BUENA VISTA (SAUCE-DPTO.SAUCE)
8879,Lavalle,642,D5724,LA BREA (CHOSMES - DPTO. CAPITAL)
8880,España,527,T4115,EL MOLLAR (MOJON
8881,Sarmiento,191,X5139,KILOMETRO 271 (APEADERO FCGB)
8882,French,139,T4157,MAL PASO
8883,Urquiza,658,K4715,LAS CUCHILLAS (LAS PIEDRAS BLANCAS-DPTO.AMBATO)
8884,España,908,A4440,PERU
8885,Alsina,267,U9207,LA BOMBILLA
8886,Dorrego,919,Q8322,CUTRAL-CO
8887,Sarmiento,556,D5707,BELLA VISTA (BOTIJAS
8888,Chile,212,W3405,LOMAS RAMIREZ
8889,Lavalle,656,D5721,CHISCHAQUITA
8890,Sarmiento,735,K4741,EL CARRIZAL (VILLA VIL
8891,Mitre,266,B1649,ARROYO GALLO FIAMBRE
8892,Saavedra,892,A4413,QUEBRADA DEL AGUA (ESTACION FCGB)
8893,Rivadavia,968,X2594,LEONES
8894,Alberdi,202,E3287,CANTERA LA CONSTANCIA
8895,Güemes,618,G2356,SAN JOSE (PINTO
8896,San Martín,923,B7630,NECOCHEA ESTAFETA Nº4
8897,Güemes,406,X5012,BARRIO GENERAL BELGRANO (DEPTO. CAPITAL)
8898,Laprida,430,B7505,ESTACION SAN FRANCISCO DE BELLOCQ
8899,Urquiza,696,D5715,POCITOS
8900,España,935,Q8318,MINA OSTIA
8901,España,570,G4233,SAN MIGUEL (LORETO
8902,French,186,A4530,SAN RAMON DE LA NUEVA ORAN
8903,Güemes,448,D5755,ALTO DEL MOLLE
8904,Belgrano,204,G3736,TRES MOJONES (EMBARCADERO FCGB)
8905,Dorrego,758,G4351,TRES POZOS (WEISBURD-DPTO.MORENO)
8906,Alberdi,555,E3252,SANTA ROSA (VILLA CLARA- DPTO.COLON)
8907,Rivadavia,512,B8105,GENERAL CERRI
8908,Tucumán,87,E3100,RUTA 138 KILOMETRO 1 1/2
8909,Tucumán,430,F5471,EL RODEO
8910,Laprida,253,X5201,CALASUYA
8911,Alberdi,834,B1625,RINCON DEL CAZADOR
8912,Güemes,20,E2846,EMPALME HOLT
8913,Urquiza,534,B6017,SAN ROQUE
8914,España,619,B1739,GENERAL HORNOS
8915,España,784,S3550,BARRIO SAN MARTIN
8916,Tucumán,400,S3061,POZO BORRADO
8917,Sarmiento,558,L6387,CALEUFU
8918,Moreno,31,G4220,LOS FIERROS
8919,Saavedra,742,Q8353,CAYANTA
8920,Lavalle,150,Y4500,SAN JOSE DEL BORDO
8921,Rivadavia,731,V9420,CAMPAMENTO CENTRAL Y.P.F.
8922,San Martín,282,S2633,COVET
8923,Alsina,766,X5187,SAN NICOLAS (SAN CLEMENTE-DPTO.SANTA MARIA)
8924,Dorrego,961,X2563,NOETINGER
8925,Moreno,402,J5415,EL BOSQUE
8926,Urquiza,232,Q8341,QUILLEN
8927,Moreno,95,W3416,KILOMETRO 476
8928,Laprida,432,G4187,PIEDRA BUENA
8929,Sarmiento,235,X5854,LA CASCADA
8930,Belgrano,826,D5831,LA CAÑADA (NAVIA - DPTO. LA CAPITAL)
8931,Tucumán,642,B1808,ERRAMOUSPE
8932,Moreno,41,G4197,CHAÑAR POZO (LA FRAGUA
8933,Chile,920,K5321,SAN MIGUEL (DPTO.POMAN)
8934,Lavalle,804,E3116,ALDEA SAN MIGUEL
8935,Urquiza,623,S3563,EL ARAZA
8936,O'Higgins,229,M5501,BARRIO BOMBAL SUD
8937,Saavedra,208,E3283,EL BRILLANTE
8938,Güemes,691,B8000,BARRIO AVELLANEDA
8939,Urquiza,118,X5101,BARRIO PARA OFICIALES Y SUBOFICIALES GRAL. DEHEZA
8940,Laprida,556,A4554,HICKMANN
8941,Urquiza,228,G4233,ESPERANZA (CHOYA
8942,Saavedra,35,H3700,PAMPA LOCA
8943,French,178,W3448,TIMBO
8944,Dorrego,401,E3283,COLONIA MABRAGAÑA
8945,España,254,E3107,PRESIDENTE AVELLANEDA
8946,España,525,Z9400,CHALI AIKE
8947,Urquiza,608,J5444,NUEVA CASTILLA
8948,Alberdi,353,Y4643,POZUELO
8949,España,695,A4430,MADRE VIEJA
8950,Dorrego,308,F5471,VALLE HERMOSO (DPTO. ROSARIO VERA PEÑALOZA)
8951,Tucumán,712,G5255,SOL DE JULIO
8952,Belgrano,951,P3600,LA FLORIDA
8953,Alsina,343,X5223,COLONIA CAROYA
8954,San Martín,762,M5517,TRES ESQUINAS DE CRUZ DE PIEDRA
8955,Rivadavia,385,W3302,SANTA ANA (ITUZAINGO-DPTO.ITUZAINGO)
8956,O'Higgins,60,X5873,CAPILLA DE ROMERO
8957,Pueyrredón,138,B6513,LA NIÑA
8958,Urquiza,683,S2600,SAN MARCOS DE VENADO TUERTO
8959,San Martín,780,S3001,EL POZO
8960,Lavalle,328,U9121,PIRE MAHUIDA
8961,Dorrego,196,G3712,PUNTA RIELES
8962,Urquiza,20,B1757,LAFERRERE
8963,Lavalle,614,T4178,PORVENIR
8964,Rivadavia,264,X5123,TOLEDO
8965,Alsina,720,B6661,PUEBLITOS
8966,Güemes,754,G5250,LA RESBALOSA
8967,French,362,B1649,ARROYO CARANCHO
8968,Saavedra,595,D6279,CENTENARIO
8969,O'Higgins,452,X5246,LOS CAJONES
8970,España,304,G3749,EL ROSARIO (LA ESPERANZA
8971,French,340,B1886,RIO ENCANTADO
8972,Saavedra,983,W3472,NARANJITO (FELIPE YOFRE
8973,Sarmiento,698,S3054,GUARANIES
8974,Dorrego,950,W3443,LAVALLE
8975,Saavedra,936,N3353,ISLA ARGENTINA
8976,Dorrego,259,B1741,SPERATTI
8977,San Martín,235,U9220,CAÑADON LA MADERA
8978,Belgrano,476,B6441,RIVERA
8979,Alberdi,826,D5703,LAS CARITAS
8980,Pueyrredón,445,G3064,LA EULALIA
8981,España,835,L6301,POTRILLO OSCURO
8982,Dorrego,99,G5255,LAGUNITAS
8983,Alberdi,133,G4206,YANDA
8984,Sarmiento,466,N3327,MANIS
8985,Moreno,170,E3281,PUERTO ALMIRON
8986,Belgrano,601,G3741,KILOMETRO 719 (FCGB)
8987,Alsina,140,U9121,AGUADA DEL MORO
8988,Moreno,677,J5461,PAMPA VIEJA
8989,Alsina,374,B8150,FARO RECALADA
8990,Sarmiento,471,B1888,LA FABRICA
8991,Dorrego,421,B1649,ARROYO REMANCITO (MENDEZ GRANDE)
8992,Güemes,788,B6723,KILOMETRO 108
8993,Pueyrredón,497,W3472,CAA GUAZU (APEADERO FCGU)
8994,Dorrego,897,D5775,VALLE SAN JOSE
8995,Laprida,416,D5721,SANTA ISABEL (VARELA
8996,Pueyrredón,40,D5738,LA MAGDALENA
8997,Dorrego,359,R8520,JAGUEL CAMPO MONTE
8998,España,581,B8150,LA LUNA
8999,Rivadavia,488,L6352,LA ATALAYA
9000,Chile,106,W3230,SAN CARLOS (PASO DE LOS LIBRES - DPTO. PASO DE LOS LIBRES)
9001,Chile,217,N3322,PUERTO VIEJO
9002,Laprida,625,S3009,SAN JERONIMO DEL SAUCE
9003,Tucumán,328,Q8318,VILLA GRAL. SAN MARTIN
9004,Pueyrredón,666,J5417,9 DE JULIO
9005,Mitre,302,B1900,DIQUE No. 1
9006,Lavalle,377,X5194,PUESTO DEL ROSARIO (VILLA GRAL.BELGRANO-DPTO.CALAMUCHITA)
9007,San Martín,683,G4353,SAN ANTONIO (ARMONIA
9008,Alsina,246,Y4643,MINA PIRQUITAS
9009,Sarmiento,44,K4718,EL TOTORAL (LA MERCED-DPTO.PACLIN)
9010,Saavedra,949,B6403,MIRA PAMPA
9011,Alberdi,57,Y4618,TRIUNVIRATO
9012,Tucumán,345,B2751,COLONIA LOS TOLDOS
9013,Belgrano,877,X5287,OROGRUESO
9014,Urquiza,694,X2434,ARROYITO
9015,Alsina,715,X5162,RINCON (CASA GRANDE-DPTO.PUNILLA)
9016,Chile,103,A4434,ACHARAS
9017,Dorrego,631,U9223,ALTO RIO PICO
9018,Alsina,733,G4302,SINQUEN PUNCO
9019,Dorrego,967,B6627,MOLL
9020,Laprida,673,M5509,EL CARRIZAL
9021,Lavalle,136,B1649,ARROYO LAGUNA
9022,Dorrego,757,E3240,KILOMETRO 288 (APEADERO FCGU)
9023,Belgrano,379,E3155,PUEBLITO (DPTO. VICTORIA)
9024,Rivadavia,134,L8200,LA AURORA (GRAL. ACHA
9025,Lavalle,476,D5753,EL BURRITO
9026,Chile,369,W3401,KILOMETRO 13 (APEADERO FCGU)
9027,Alberdi,937,T4242,SALA VIEJA
9028,España,574,B8508,PUERTO TRES BONETES
9029,Tucumán,237,X5000,BARRIO COLON
9030,Tucumán,972,K5261,EL BAÑADO (DIVISADERO
9031,Chile,562,B1649,ARROYO MENDEZ GRANDE
9032,Pueyrredón,301,T4147,VILLA CAROLINA
9033,Dorrego,705,B7020,CAMINERA JUAREZ
9034,Saavedra,963,X5284,SOTO
9035,Belgrano,477,X5209,LOMA BLANCA
9036,Güemes,444,D5711,LA BREA (QUINES - DPTO. AYACUCHO)
9037,Chile,996,B6348,BOCAYUVA
9038,French,548,S3061,FORTIN SEIS DE CABALLERIA
9039,Sarmiento,33,U9105,GAIMAN
9040,San Martín,933,Y4600,TERMAS DE REYES
9041,San Martín,935,G5257,EL PUEBLITO
9042,España,89,E3191,SAN VICTOR
9043,Dorrego,514,B7150,SAN LAUREANO
9044,Alsina,290,A4534,LAS VARAS
9045,Alsina,838,B1649,ARROYO SANTA ROSA
9046,España,463,E3285,KILOMETRO 86 (APEADERO FCGU)
9047,Belgrano,656,G3061,CUATRO BOCAS
9048,Sarmiento,59,G4184,EL RINCON (CHOYA
9049,French,310,D6279,EL YATAGAN
9050,O'Higgins,179,X6140,VICUÑA MACKENNA
9051,Güemes,468,X5221,POZO CORREA
9052,Moreno,36,G5251,PORTEZUELO
9053,Pueyrredón,334,W3451,EL RUBIO
9054,Laprida,425,X5244,LA COSTA (SAN JOSE DE LA DORMIDA-DPTO.TULUMBA)
9055,Pueyrredón,773,M5519,NUEVA CIUDAD
9056,Pueyrredón,220,B6015,LOS TOLDOS
9057,Lavalle,194,X5214,EL BAÑADO (QUILINO
9058,Lavalle,797,G3712,POZO VIL
9059,Mitre,462,B7507,IRENE
9060,French,978,B1822,FIORITO
9061,Saavedra,470,F5471,AGUA BLANCA (TOTORAL
9062,Mitre,804,T4122,YACO
9063,French,123,R8503,SAN JUAN (GRAL. CONESA
9064,Chile,449,J5436,PUNTA DE LAGUNA
9065,Alberdi,321,X5244,LOS POZOS (SAN JOSE DE LA DORMIDA-DPTO.TULUMBA)
9066,Chile,517,G4206,CAMPO GRANDE (SIMBOL
9067,Urquiza,866,T4149,EL PUESTO (BELICHE HUAICO
9068,Alberdi,235,E3261,CENTELLA
9069,Saavedra,441,P3624,COLONIA ISLA SOLA
9070,Lavalle,628,B7511,RETA
9071,Alsina,267,B2705,PIRUCO
9072,España,553,G4351,KISKA LORO
9073,Moreno,65,W3414,SAN JOSE (ITATI - DPTO. ITATI)
9074,Lavalle,837,X2551,CUATRO CAMINOS
9075,Belgrano,185,L6321,NAHUEL MAPA
9076,Dorrego,533,Y4503,LOS BALLOS
9077,Alberdi,717,F5470,LA AGUADA
9078,Dorrego,512,G4208,KILOMETRO 118 (APEADERO FCGB)
9079,Alberdi,54,X5281,LA LILIA
9080,French,408,G4332,PUENTE NEGRO
9081,San Martín,914,B6620,CHIVILCOY ESTAFETA No.1
9082,Moreno,452,G4233,SANTA LUCIA (CHOYA-DPTO.CHOYA)
9083,Dorrego,881,R8364,LA ESMERALDA (DARWIN
9084,Lavalle,171,X5201,LA BATALLA
9085,Dorrego,574,X5961,COLONIA MACHADO
9086,Pueyrredón,220,B1890,CAMINO GRAL.BELGRANO (KM.31 AL 35)
9087,Sarmiento,367,K4751,MINAS AGUA TAPADA
9088,Belgrano,902,B1806,BARRIO VISTA ALEGRE (TRISTAN SUAREZ
9089,San Martín,433,W3346,SAN GABRIEL (LA CRUZ - DPTO. SAN MARTIN)
9090,Belgrano,319,D5731,EL GUANACO
9091,Tucumán,586,B2740,PUENTE CAÑETE
9092,Urquiza,806,M5549,ALTO DE LOS MANANTIALES
9093,San Martín,462,T4242,SANTA ROSA (PUESTO LOS PEREZ
9094,Alberdi,73,B2700,FONTEZUELA
9095,España,681,B6451,ANCON
9096,French,360,X5949,CAMPO DEL SUNCHO
9097,España,565,B7535,PONTAUT
9098,Moreno,153,G4230,REMANSITO (FRIAS
9099,Urquiza,847,L8200,LA SORPRESA
9100,Tucumán,931,A4538,SAUCELITO
9101,Saavedra,594,D5738,CALDENADAS (EMBARCADERO FCGSM)
9102,Saavedra,678,X5248,EL PRADO
9103,Rivadavia,689,R8422,PUERTO HERMOSO
9104,San Martín,476,M5527,LOS CORRALITOS
9105,Belgrano,522,X5008,BARRIO POETA LUGONES
9106,Güemes,72,B7635,LOBERIA
9107,Urquiza,460,S2313,COLONIA ORTIZ
9108,Sarmiento,299,Q8401,LA ARAUCARIA
9109,French,115,X5149,VILLA 9 DE JULIO
9110,Rivadavia,288,R8333,PATU CO
9111,Alsina,411,G4206,LA SARITA
9112,Belgrano,428,X6128,LEGUZAMON
9113,Lavalle,624,A4452,EL QUEBRACHAL
9114,San Martín,203,W3234,SAN ISIDRO (SAN ANTONIO - DPTO. PASO DE LOS LIBRES)
9115,Alberdi,840,B1646,SAN FERNANDO ESTAFETA Nº1
9116,Tucumán,499,K4701,EL MOJON
9117,Chile,735,W3401,ISLA IBATAY
9118,Urquiza,135,B6600,MERCEDES ESTAFETA No.2
9119,Saavedra,363,D5715,LAS CABRAS
9120,Laprida,855,B1742,PASO DEL REY ESTAFETA Nº1
9121,Saavedra,77,T4143,SANTA ROSA (INDEPENDENCIA
9122,Saavedra,477,B1744,BARRIO JOSE A. CORTEJARENA
9123,Rivadavia,877,B1894,PEREYRA (PDO. BERAZATEGUI)
9124,Güemes,689,S3001,COLONIA NUEVA NARCISO
9125,Lavalle,85,B1649,ARROYO ANGELITO
9126,O'Higgins,352,L6354,SAN JOSE (URIBURU
9127,Dorrego,357,D5711,NARANJO
9128,O'Higgins,583,T4187,VILLA DESIERTO DEL LUZ
9129,Tucumán,105,W3196,CHACRAS SECCION EJIDO (ESCUELA 128)
9130,Laprida,967,D5701,LAS CHACRAS (LAS CHACRAS DE SAN MARTIN - DPTO. LA CAPITAL)
9131,Belgrano,428,M5571,LAS COLONIAS (MONTE CASEROS
9132,Urquiza,436,X5291,EL VALLECITO (SAN CARLOS MINAS
9133,España,588,K4711,LOS NAVARROS
9134,Belgrano,809,D5715,ARBOL VERDE
9135,Chile,622,W3416,SECCION PRIMERA SUN JUAN
9136,Mitre,601,L6360,SAN JOSE (GRAL. PICO
9137,Mitre,130,W3445,ARROYO PAISO
9138,Lavalle,648,B7260,SALADILLO ESTAFETA Nº1
9139,Belgrano,168,X5009,BARRIO ALTO VARELA
9140,Lavalle,782,G4302,TURENA
9141,Güemes,601,X5203,EL ARROYO
9142,Alberdi,555,Y4653,PASTO PAMPA
9143,Güemes,178,K4237,CORTADERAS (DPTO. SANTA ROSA)
9144,Dorrego,198,E3187,SAN LUIS (SAN JOSE DE FELICIANO
9145,Güemes,59,W3448,LAUREL
9146,O'Higgins,160,Z9407,GAYPON
9147,Mitre,943,H3706,COLONIA AGRICOLA PAMPA DE NAPENAY
9148,Moreno,793,L6300,LA FORTUNA
9149,Alsina,279,E3212,EL REDOMON
9150,San Martín,813,X5168,IRIGOYEN
9151,Laprida,962,S3001,LA NORIA
9152,Sarmiento,534,H3730,BARRIO NORTE
9153,Alberdi,122,B6533,ALFREDO DEMARCHI
9154,French,75,X5196,EL PORTEZUELO
9155,Alberdi,789,G4452,LAS PUERTAS (VILLA MATOQUE
9156,San Martín,674,B7167,PINAMAR ESTAFETA Nº3
9157,Saavedra,268,B1649,ARROYO DORADO
9158,Alberdi,390,T4242,SANTA ROSA (PUESTO LOS PEREZ
9159,Alsina,844,W3234,KILOMETRO 235 (PARADA FCGU)
9160,French,622,E3285,PALMAR
9161,Moreno,886,E3118,ESTABLECIMIENTO EL TALA
9162,Lavalle,235,B8134,SALINAS CHICAS
9163,Mitre,281,X5111,CANDONGA
9164,Chile,967,F5361,EL POTRERILLO (EL CHOCOY
9165,Alsina,420,X5271,COSTA DEL RIO QUINTO
9166,Mitre,292,X5000,VILLA MAFEKIN
9167,Sarmiento,119,A4193,CHAÑAR AGUADA
9168,Saavedra,847,G4324,CONCEPCION
9169,Alberdi,857,X2559,LAS PALMERAS (SAN ANTONIO DE LITIN-DPTO.UNION)
9170,Mitre,321,F5351,LA MARAVILLA
9171,Mitre,720,B7300,LAS CORTADERAS (AZUL
9172,French,432,T4161,DOLAVON
9173,Mitre,139,W3302,SAN JUAN (ITUZAINGO - DPTO. ITUZAINGO)
9174,Alsina,864,P3600,BARRIO BERNARDINO RIVADAVIA
9175,Chile,581,D5707,PASTAL
9176,Urquiza,127,L8201,EL ESCABEL
9177,Rivadavia,914,Y4618,LA CIENAGA (PURMAMARCA - DPTO. TUMBAYA)
9178,Mitre,584,M5603,COLONIA ELENA
9179,Dorrego,52,W3340,GOBERNADOR RUIZ
9180,Belgrano,689,J5419,LAS PIEDRITAS
9181,Belgrano,413,K4751,CORRAL QUEMADO
9182,Chile,848,L6300,MEDANO BLANCO
9183,España,784,D5753,LA ESTANCIA
9184,Pueyrredón,550,S3551,LOS LEONES (INTIYACO
9185,Chile,181,E3100,BARRIO ESCUELA HOGAR
9186,Rivadavia,247,B1888,EL TROPEZON
9187,Pueyrredón,888,L6321,LA RAZON (TELEN
9188,Mitre,839,W3476,JUSTINO SOLARI
9189,O'Higgins,110,G4197,MANGA
9190,Urquiza,436,B2935,ARROYO BURGOS
9191,Pueyrredón,462,W3403,LA ELOISA
9192,Moreno,369,T4119,LA ARGENTINA
9193,O'Higgins,919,B7167,PINAMAR ESTAFETA Nº5
9194,España,996,K5261,PORTILLO GRANDE
9195,Güemes,547,P3626,COLONIA UNION ESCUELA
9196,España,974,U9201,EL POYO
9197,Pueyrredón,269,G4334,REAL SAYANA
9198,Alberdi,956,G4324,SAN ENRIQUE
9199,España,644,S2115,PAZ
9200,Lavalle,431,T4166,SAN FELIPE (MANUEL GARCIA FERNANDEZ
9201,Moreno,975,X5006,BARRIO SAN VICENTE
9202,Chile,928,S3029,DEVIO ARAUZ
9203,Chile,138,X5807,COLONIA LA VALENTINA
9204,Laprida,40,X2670,CHACABUCO
9205,Alsina,844,D5713,BALDECITO
9206,Güemes,516,G5253,TRONCO QUEMADO
9207,Mitre,200,D5773,OTRA BANDA
9208,Rivadavia,548,X5801,LAS GUINDAS
9209,Belgrano,128,G4223,BAJO VERDE
9210,Alsina,689,B2701,HARAS EL CENTINELA
9211,Sarmiento,414,P3600,ISLA 9 DE JULIO
9212,Dorrego,191,Y4608,CAMPO LA TUNA
9213,Pueyrredón,884,T4187,PASO DE LA PATRIA
9214,French,304,G4301,EL OLIVAR
9215,Urquiza,271,H3514,KILOMETRO 2 (ESTACION FCGB)
9216,O'Higgins,714,T4105,BARRIO PARODI
9217,Sarmiento,630,P3600,COLONIA PUENTE PUCU
9218,Alsina,644,B1921,ALVAREZ JONTE
9219,Lavalle,854,X5963,MONTE REDONDO (VILLA DEL ROSARIO-DPTO.RIO SEGUNDO)
9220,España,315,X5291,CHAÑARIACO
9221,Alsina,538,W3440,VILLA CORDOBA
9222,Mitre,207,H3536,CUATRO ARBOLES
9223,España,728,S2000,NUEVO ALBERDI
9224,Sarmiento,493,B1825,MONTE CHINGOLO ESTAFETA No.5
9225,España,490,Z9311,CAÑADON LEON
9226,Laprida,457,K4750,TALAMAYO
9227,Lavalle,832,G5253,LA CLEMIRA
9228,Chile,715,B2751,COLONIA STEGMAN
9229,Dorrego,673,U9007,SAUCE SOLO
9230,Mitre,238,B1722,LOMA FLORIDA
9231,Rivadavia,400,N3386,PUERTO CARAGUATAY
9232,Laprida,457,K4724,LOS PINOS
9233,Alberdi,691,T4178,SAN MIGUEL (DPTO. CRUZ ALTA)
9234,San Martín,67,X5870,BARRIO EL PORVENIR
9235,San Martín,344,B1744,MI BARRIO
9236,Urquiza,150,K4701,CAÑADA DE PAEZ
9237,España,928,X5821,RODEO DE LOS CABALLOS
9238,Dorrego,108,L8200,EL CARANCHO
9239,Belgrano,781,D5753,MANANTIAL LINDO
9240,Moreno,952,G2356,PINTO
9241,Chile,447,B6467,ENRIQUE LAVALLE
9242,Alsina,713,E3254,JUBILEO
9243,Chile,250,S6036,DIEGO DE ALVEAR
9244,Urquiza,642,B7113,BALNEARIO AGUAS VERDES
9245,Rivadavia,99,K4723,ALIJILAN
9246,Belgrano,215,X2432,LOS ALGARROBITOS (EL TIO- DPTO.SAN JUSTO)
9247,Urquiza,428,H3514,FONTANA
9248,Rivadavia,884,X5961,BAJO DE GOMEZ
9249,Laprida,114,M5621,PUNTA DEL AGUA
9250,Chile,692,G4322,FERNANDEZ
9251,Alberdi,697,F5301,MESILLAS BLANCAS
9252,Tucumán,906,B7100,LA ESTRELLA (DOLORES
9253,O'Higgins,73,N3322,PUERTO YEBEBIRI
9254,Lavalle,466,X5221,QUISCASACATE
9255,Alberdi,309,A4554,CAMPO LIBRE
9256,Belgrano,44,X5195,VILLA CALAMUCHITA
9257,Laprida,180,H3514,LOTE 53 (COLONA MIXTA)
9258,Saavedra,795,T4132,COLONIA SANTA CLARA
9259,San Martín,187,W3443,RINCON DE SOTO
9260,Alberdi,225,X5236,LAS BANDURRIAS
9261,Laprida,925,X5801,LAS CAÑITAS (PIEDRA BLANCA-DPTO.RIO CUARTO)
9262,Chile,687,G5251,HILUMAMPA
9263,Belgrano,635,D5707,PEÑON COLORADO
9264,Belgrano,603,D5715,BALDE DE GUIÑAZU
9265,Güemes,740,T4144,VILLA QUINTEROS
9266,Urquiza,685,D6277,PLACILLA
9267,Alberdi,589,L6323,COLONIA LA PASTORIL
9268,Chile,611,E3133,ARROYO MARIA
9269,San Martín,679,B8185,COLONIA PHILLIPSON No. 1
9270,Chile,444,E3118,PUENTE CARMONA
9271,Belgrano,803,B1757,LAFERRERE
9272,Sarmiento,580,G4205,EL SEÑUELO
9273,Güemes,303,B7316,SHAW
9274,Dorrego,722,J5415,PLUMERILLOS
9275,Laprida,129,K5261,LA CAÑADA (RIO DE LA DORADA-DPTO.LA PAZ)
9276,French,423,Y4512,PUEBLO LEDESMA
9277,Alberdi,521,B1722,MERLO ESTAFETA No.3
9278,Rivadavia,740,A4534,EL MISTOL
9279,Laprida,349,T4178,EL GUAYACAN
9280,Rivadavia,820,H3514,PUENTE PHILIPPON
9281,Tucumán,129,B1642,SAN ISIDRO ESTAFETA Nº3
9282,Moreno,399,S2505,CAMPO LA RIVIERE
9283,Moreno,412,D5777,LOS PEROS
9284,Güemes,703,K4711,DESMONTE
9285,Mitre,117,W3445,ARROYO GONZALEZ
9286,O'Higgins,857,X5280,NEGRO HUASI
9287,Rivadavia,293,X5870,SAN ANTONIO (VILLA DOLORES-DPTO.SAN JAVIER)
9288,San Martín,375,W3448,NARANJITO (SAN ROQUE
9289,Tucumán,952,H3505,LA EVANGELICA
9290,Chile,57,X5900,RAMON J.CARCANO
9291,Sarmiento,958,H3714,BOTIJA
9292,Güemes,744,Y4640,PUERTA POTRERO
9293,Mitre,63,H3731,TRES ESTACAS
9294,Güemes,156,X5889,QUEBRADA DEL HORNO
9295,French,624,E3113,TRES LAGUNAS
9296,Chile,53,E3285,BERDUC
9297,Tucumán,844,D5724,EL CHARCO
9298,Alberdi,487,E3206,COLONIA LAMARCA
9299,Pueyrredón,170,N3361,COLONIA YABEBIRY
9300,Chile,140,Y4503,ARRAYANAL
9301,Alberdi,234,S2307,CAMPO DARDATTI
9302,O'Higgins,720,W3418,OCANTO CUE
9303,Moreno,755,J5425,COLONIA EL MOLINO
9304,España,540,J5429,EL ABANICO
9305,España,965,B1881,BARRIO GUADALUPE (SAN FRANCISCO SOLANO
9306,Saavedra,795,K4751,EL CAMPILLO
9307,French,293,H3513,FORTIN CARDOSO
9308,O'Higgins,255,W3234,RINCON DEL YAGUARY (SAN ANTONIO
9309,Urquiza,514,T4117,EL NARANJO (DPTO. BURRUYACU)
9310,San Martín,492,T4142,ISLA SAN JOSE
9311,Saavedra,321,B1888,BARRIO SANTO TOMAS
9312,Alberdi,666,X5166,KILOMETRO 592 (APEADERO FCGB)
9313,Belgrano,510,J5443,VALLECITO
9314,Urquiza,817,G4315,SANTA ISABEL
9315,Moreno,613,T4128,EL CARMEN (LULES
9316,Laprida,378,R8520,BARRIO LAGUNA
9317,San Martín,792,S3060,FORTIN ARGENTINA
9318,Pueyrredón,533,J5443,SANTA MARIA DEL ROSARIO
9319,Belgrano,390,G3741,PAMPA POZO (ALHUAMPA
9320,Alsina,855,W3401,PASO PESOA
9321,Rivadavia,455,W3420,RINCON SAN PEDRO
9322,Alsina,955,U9107,LAS CHAPAS (ESTACION FCGR)
9323,Sarmiento,762,Y4643,LAGUNA BLANCA
9324,Tucumán,186,K4234,LAS LOMITAS (TAPSO-DPTO.EL ALTO)
9325,Pueyrredón,718,A4434,EL LIBANO
9326,Belgrano,638,W3416,RIACHUELO SUD
9327,Saavedra,420,W3300,RINCON ITAEMBE
9328,Chile,646,S3016,BARRIO SAN IGNACIO DE LOYOLA
9329,Saavedra,293,B7100,LA ESTRELLA (DOLORES
9330,San Martín,958,X5295,LAS CORTADERAS (SALSACATE-DPTO.POCHO)
9331,Rivadavia,201,D5831,NO ES MIA
9332,Alsina,26,D5713,LAS BAJADAS
9333,Alsina,448,L6307,LA BOTA
9334,Chile,583,G3749,CAMPO VERDE (LA ESPERANZA
9335,Tucumán,27,U9103,SOL DE MAYO
9336,Lavalle,914,B1649,ARROYO CUEVAS MALAS
9337,Alberdi,577,J5417,LOS QUILLAY
9338,Pueyrredón,719,W3485,OMBU (SAN MIGUEL
9339,Alberdi,625,H3500,BARRIO VILLA ELBA (LOTE RURAL 173)
9340,Alsina,447,G4184,LA ESPERANZA (POZO HONDO-DPTO.JIMENEZ)
9341,Laprida,438,B1894,DOCTOR RICARDO LEVENE
9342,Alsina,627,F5301,LAS BOMBAS
9343,Urquiza,409,B7607,MIRAMAR SUCURSAL No.1
9344,España,333,W3230,ARBOL SOLO
9345,España,425,J5438,COLONIA GUTIERREZ
9346,Rivadavia,635,S3057,ESTANCIA LAS GAMAS
9347,Tucumán,540,D5733,CRAMER
9348,Saavedra,312,B1804,RUTA 205 KILOMETRO 32
9349,Belgrano,154,G4208,TORO CHARQUINA
9350,Chile,675,Q8349,NALAY CULLIN
9351,Moreno,855,E3216,COLONIA CURBELO
9352,Chile,544,K5264,SAN ANTONIO (SAN ANTONIO DE LA PAZ-DPTO.LA PAZ)
9353,Chile,509,G4301,TABLADA DEL BOQUERON
9354,Tucumán,352,F5361,EL PEDREGAL
9355,San Martín,433,B2901,LA EMILIA (PDO. SAN NICOLAS)
9356,Belgrano,316,G4301,QUEBRACHAL (TABLADA DEL BOQUERON
9357,Lavalle,252,G4230,KILOMETRO 3 (EMBARCADERO FCGB)
9358,O'Higgins,74,S3000,PIQUETE
9359,Alberdi,385,B6003,LA TRINIDAD
9360,Tucumán,523,T4158,LOS GUAYACANES
9361,French,639,T4115,POSSE (DESVIO PARTICULAR FCGM)
9362,Alsina,28,T4149,LAS LEGUAS
9363,French,748,G4233,ESPERANZA (CHOYA
9364,Güemes,965,A4550,LOS BALDES
9365,Lavalle,415,B2700,BARRIO ACEVEDO
9366,Urquiza,798,T4119,RIO DEL NIO
9367,Tucumán,807,T4122,LOMA DEL MEDIO
9368,Güemes,215,Y4600,VILLA SARMIENTO
9369,Urquiza,973,K5264,EL RETIRO (SAN ANTONIO DE LA PAZ
9370,French,386,B6461,LA COTORRA
9371,Mitre,532,X5221,EL ALGARROBO
9372,Dorrego,99,A4530,ORAN
9373,Chile,966,G4319,SANTA LUCIA (BARRANCAS
9374,Belgrano,223,G3064,LA DOLORES
9375,Rivadavia,630,M5560,LAS TORRECITAS
9376,Chile,558,G3760,AÑATUYA
9377,Mitre,295,B1649,ARROYO CURUBICA
9378,Dorrego,681,T4119,LAGUNA DE ROBLES
9379,Urquiza,395,H3540,LA OFELIA
9380,Chile,347,B1649,ARROYO INCA
9381,Alberdi,78,X5873,CONLARA
9382,Rivadavia,949,R8364,CORONEL BELISLE
9383,San Martín,768,R8333,CERRO DE LA POLICIA
9384,Alberdi,570,X5135,TORDILLA NORTE
9385,Lavalle,808,S3567,PUERTO RECONQUISTA
9386,Chile,631,X5172,CASCADA DEL MOLINO
9387,España,741,G5251,WIÑANO
9388,O'Higgins,760,L6323,ARBOL SOLO
9389,O'Higgins,482,S3000,BARRIO LOS HORNOS
9390,Sarmiento,150,B2720,COLON
9391,Rivadavia,598,G4206,LAS FLORES (PUESTITO DE SAN ANTONIO-DPTO.CAPITAL)
9392,Pueyrredón,561,E3228,CABI MONDA
9393,Tucumán,302,Z9400,GANADERA LA LEONOR S.R.L.
9394,Dorrego,816,U9037,ALTO RIO MAYO
9395,Moreno,118,T4176,ARBOLES GRANDES
9396,Saavedra,784,X2417,COLONIA MONTE GRANDE
9397,Alberdi,49,X2561,SANTA CECILIA
9398,Moreno,615,G4237,FLORIDA (LAS PEÑAS
9399,Rivadavia,387,L6321,PICHI MERICO
9400,Urquiza,578,U9101,ALTO DE LAS PLUMAS
9401,Alberdi,660,W3448,YAZUCA
9402,Belgrano,804,K5261,EL POTRERO (RAMBLONES
9403,Mitre,799,B1765,BARRIO MARCONI
9404,Lavalle,598,X5218,KILOMETRO 480 (APEADERO FCGB)
9405,Alberdi,432,U9201,TECKA
9406,Moreno,742,A4434,ESTANCIA VIEJA
9407,Dorrego,221,T4124,TOCO LLANA
9408,España,373,X5249,LA ESTANCIA (RIO SECO)
9409,Moreno,920,B7631,LA PLAYA
9410,Mitre,191,N3351,ARROYO CHICO
9411,España,26,B1888,BARRIO 9 DE JULIO (FLORENCIO VARELA
9412,Rivadavia,640,K5266,ENSENADA
9413,Lavalle,879,S3585,KILOMETRO 421 (DESVIO PARTICULAR FCGB)
9414,Laprida,195,B2946,EL ESPINILLO
9415,Dorrego,459,X2411,PLAZA LUXARDO
9416,Belgrano,113,X2417,MONTE GRANDE (ALTOS DE CHIPION-DPTO.SAN JUSTO)
9417,Pueyrredón,337,W3427,CARDOZO PHI
9418,Laprida,1000,L6301,ATALIVA ROCA
9419,Chile,942,T4103,LOS ESTANQUES
9420,Tucumán,40,B1708,MORON ESTAFETA No.5
9421,Dorrego,515,B1649,ARROYO LAS VIBORAS
9422,Dorrego,409,K4707,SANTA ROSA (VALLE VIEJO-DPTO.VALLE VIEJO)
9423,Tucumán,781,Q8341,EL DORMIDO
9424,Alsina,370,W3420,PASTORES
9425,O'Higgins,260,K4701,EL CERCADO
9426,San Martín,755,T4158,KILOMETRO 36 (APEADERO FCGB)
9427,O'Higgins,992,A4417,CACHI ADENTRO
9428,French,941,X5281,TABAQUILLO
9429,Belgrano,651,B7623,SAN AGUSTIN
9430,Lavalle,128,B1848,LAS MALVINAS (PARADA FCDFS.)
9431,Laprida,694,A4421,LAS GARZAS
9432,San Martín,246,G2341,CLAVEL BLANCO
9433,Alsina,617,U9020,CAÑADON TACHO
9434,Lavalle,783,U9203,ALDEA ESCOLAR
9435,Mitre,148,X5248,AGUA DE ORO (VILLA DE MARIA DEL RIO SECO
9436,Moreno,467,M5603,GOUDGE
9437,Alberdi,436,N3327,PUERTO CAZADOR
9438,Lavalle,251,X5819,CAÑADA DE ALVAREZ
9439,Belgrano,922,X5120,CURAPALIGUE
9440,Urquiza,514,T4182,CAMPO LA FLOR (LOS RALOS
9441,Urquiza,440,K4231,GARZON
9442,San Martín,530,X5131,LAS ROSAS (TINOCO-DPTO.COLON)
9443,Mitre,917,A4400,BARRIO SAN CAYETANO
9444,O'Higgins,840,M5577,VILLA SAN ISIDRO
9445,Alberdi,181,A4425,LA FLORIDA
9446,Alsina,479,L6321,JAGUEL DEL MONTE
9447,Tucumán,912,D5719,LAS BARRANCAS (DPTO. LA CAPITAL)
9448,Saavedra,839,T4174,RIEGASTA
9449,Pueyrredón,714,X2559,COLONIA MASCHI
9450,French,675,B6064,HALCEY
9451,French,632,D5707,CARMELO
9452,Mitre,980,R8401,VILLA MASCARDI
9453,Tucumán,856,R8332,ALEJANDRO STEFENELLI
9454,French,729,F5301,AGUA BLANCA (DPTO. CASTRO BARROS)
9455,French,741,H3531,LA MATANZA
9456,Dorrego,817,X5145,LOS POCITOS (ESTACION GRAL.PAZ-DPTO.COLON)
9457,Urquiza,914,A4550,CORZUELA
9458,Güemes,682,X5295,CUCHILLO YACO
9459,Laprida,894,G3743,LA PAMPA (TINTINA-DPTO.MORENO)
9460,Moreno,718,K4701,MAIDANA
9461,Tucumán,154,X5289,EL TALA (TOSNO
9462,Rivadavia,741,G4302,EL OJO DE AGUA
9463,Moreno,122,B6071,SANTA MARIA
9464,Chile,749,W3448,MOJON
9465,O'Higgins,431,Y4624,LA BANDA (TILCARA - DPTO. TILCARA)
9466,Pueyrredón,553,B1714,ITUZAINGO ESTAFETA No.3
9467,Urquiza,962,K4751,NACIMIENTOS DE SAN ANTONIO
9468,Belgrano,807,D5738,LAS MELADAS
9469,Rivadavia,808,U9220,LAGUNA BLANCA
9470,Pueyrredón,367,B1649,ARROYO LOS GRILLOS
9471,Sarmiento,560,U9200,BARRIO BELLA VISTA
9472,Moreno,816,B1684,EL PALOMAR ESTAFETA No.1
9473,Alsina,61,A4533,MARIA LUISA
9474,Alsina,852,S3027,LA PELADA
9475,Güemes,241,X5212,LAS LOMITAS (SARMIENTO-DPTO.ISCHILLIN)
9476,Pueyrredón,310,H3513,LA NEGRA
9477,Rivadavia,492,S3551,SANTA FELICIA
9478,O'Higgins,49,G4350,SUNCHO CORRAL
9479,Alberdi,838,N3306,RINCON DE LOS BUGRES
9480,San Martín,272,X5244,PUESTO VIEJO
9481,O'Higgins,471,E3272,SAN PEDRO (VILLA MANTERO
9482,Belgrano,90,B1755,LA CALABRIA
9483,Alberdi,422,G3749,SAN VICENTE (EL SIMBOL-ALBERDI
9484,España,269,P3630,NUEVO PILCOMAYO
9485,Saavedra,920,G4187,LAS CHACRAS (EL CAMBIADO-DPTO.PELLEGRINI)
9486,Belgrano,907,X5200,LA MESADA (DEAN FUNES-DPTO.ISCHILLIN)
9487,Mitre,91,B6474,CAMPO ARISTIMUÑO
9488,Sarmiento,241,L6313,LOTE 12 (WINIFREDA
9489,Moreno,239,A4533,KILOMETRO 1298 (APEADERO FCGB)
9490,O'Higgins,494,K5315,LOS BALDES
9491,French,202,A4427,JACIMANA
9492,Urquiza,285,G4230,POZO DE LA PUERTA
9493,French,963,M5589,CHAPANAY
9494,Urquiza,380,B7623,CAMPO LA PLATA
9495,Belgrano,959,B7600,MAR DEL PLATA ESTAFETA No.11
9496,Chile,914,G3062,LA ISLETA
9497,Belgrano,63,E3212,SAN JUAN (LA QUERENCIA
9498,Güemes,152,L8138,LOTE 8 (GAVIOTAS
9499,Saavedra,130,D5721,LAS COLONIAS
9500,Moreno,401,B7021,TEDIN URIBURU
9501,Tucumán,518,B8101,GALVAN
9502,Laprida,396,H3500,BARRIO VILLA ELBA (LOTE RURAL 173)
9503,Alberdi,713,X5147,LOS BOULEVARES
9504,Chile,383,J5449,LA CIENEGUITA (VALLE FERTIL
9505,Laprida,937,X5801,VILLA EL CHANCAY
9506,Rivadavia,480,A4415,YACERA
9507,Chile,384,M5537,LOS BALDES
9508,Moreno,265,B2760,PUENTE CASTEX
9509,San Martín,598,W3302,AGUARA CUA
9510,Sarmiento,740,X5131,EL ESPINILLO (TINOCO
9511,Belgrano,912,N3374,EL PORVENIR
9512,España,785,K5261,EL SALADILLO
9513,O'Higgins,471,U9020,CAÑADA PACIFICO
9514,French,388,B7605,HARAS CHAPADMALAL
9515,Rivadavia,874,B6500,9 DE JULIO (PARTIDO NUEVE DE JULIO)
9516,Lavalle,43,R8415,MAMUEL CHOIQUE
9517,España,331,T4103,TAFICITO
9518,Laprida,535,D5741,PORTADA DEL SAUCE
9519,San Martín,107,G4304,LA FORTUNA (GRAMILLA-DPTO.JIMENEZ
9520,Dorrego,412,G4238,CODILLO
9521,Dorrego,368,U9121,CHACAY OESTE
9522,San Martín,332,B7545,LA NEVADA
9523,French,951,K5261,EL BARRIALITO (RAMBLONES-DPTO.LA PAZ)
9524,Mitre,651,K4726,CHAÑARITOS (HUILLAPIMA
9525,Güemes,735,B8154,CALVO
9526,French,865,B7200,LAS FLORES ESTAFETA No.1
9527,Saavedra,238,D5701,LOS TAPIALES
9528,Mitre,686,J5439,VILLA LUGANO
9529,O'Higgins,839,S2728,BALNEARIO MELINCUE
9530,España,578,A4554,EL ESPINILLO
9531,Laprida,485,Q8351,COVUNCO CENTRO
9532,French,618,B8122,LA VITICOLA
9533,Belgrano,1000,D6216,LA MEDIA LEGUA
9534,Alberdi,335,P3601,ITUZAINGO
9535,Urquiza,818,T4105,VILLA NOGUES
9536,Belgrano,200,G3712,EL CABURE
9537,Pueyrredón,700,M5509,COLONIA BARRANQUERO
9538,Sarmiento,221,J5460,RINCON (JACHAL
9539,Moreno,438,U9120,PUNTA QUIROGA
9540,Belgrano,124,X5101,RIO CHICO (EL QUEBRACHAL-DPTO.CAPITAL)
9541,O'Higgins,908,X5875,LUYABA
9542,Saavedra,574,B6533,PUEBLO MARTINEZ DE HOZ
9543,Laprida,264,B1765,BARRIO SAN JOSE (ISIDRO CASANOVA
9544,Tucumán,893,P3611,GOBERNADOR LUNA OLMOS
9545,Dorrego,191,X6128,VILLA ROSSI
9546,Alsina,394,A4409,DIEGO DE ALMAGRO
9547,Saavedra,380,R8138,CORONEL EUGENIO DEL BUSTO
9548,Mitre,534,X5859,USINA NUCLEAR EMBALSE
9549,Alsina,735,X5875,SAN ISIDRO (LUYABA-DPTO.SAN JAVIER)
9550,Alberdi,602,W3425,COSTA GRANDE (LOMA ALTA
9551,Laprida,581,B6555,CORONEL MARCELINO FREYRE
9552,San Martín,817,N3358,ESTACION APOSTOLES
9553,French,197,X5117,LA PAZ (ASCOCHINGA-DPTO.TOTORAL)
9554,Saavedra,956,S3046,KILOMETRO 95
9555,San Martín,986,W3344,TINGUI
9556,Pueyrredón,940,W3416,PEHUAHO
9557,Laprida,335,B6748,O'HIGGINS
9558,Güemes,958,G4197,BAGUAL MUERTO
9559,Urquiza,480,G4233,LA REPRESA
9560,Belgrano,777,B1744,BARRIO LA VICTORIA
9561,Urquiza,324,A4449,APOLINARIO SARAVIA
9562,Alberdi,356,R8418,EL MIRADOR
9563,Belgrano,25,N3316,LORETO
9564,Saavedra,82,S3040,SAN JUSTO
9565,Tucumán,845,X5249,SAN RAMON (CANDELARIA-RIO SECO-DPTO.RIO SECO)
9566,Belgrano,39,S2115,RODOLFO ALCORTA
9567,Chile,197,P3611,ROZADITO
9568,San Martín,142,G5250,INTI HUASI
9569,Tucumán,690,W3448,KILOMETRO 402 (EMBARCADERO FCGU)
9570,España,622,X5101,MALAGUEÑO
9571,Dorrego,209,G4354,MACO
9572,Urquiza,667,G4203,CABRA
9573,Güemes,1000,U9001,KILOMETRO 5 COMODORO RIVADAVIA
9574,Pueyrredón,170,W3454,PASO LOS ANGELES
9575,San Martín,278,Y4501,MILAN
9576,O'Higgins,236,D5759,HUCHISSON
9577,Moreno,743,T4128,SAN JOSE DE LULES
9578,Güemes,905,L6341,LA MATILDE
9579,Laprida,135,J5415,PLUMERILLOS
9580,Lavalle,644,S3054,FIVES LILIE
9581,España,282,X5837,SUCO
9582,O'Higgins,568,B6005,HAM
9583,Moreno,819,G4302,LA CAÑADA (SAN RAMON-DPTO.BANDA)
9584,Dorrego,248,F5329,LAS TALAS
9585,Mitre,905,B7600,MAR DEL PLATA ESTAFETA No.16
9586,French,669,W3302,FLORIDA (ITUZAINGO
9587,Moreno,752,L6212,PUEBLO ALASSA
9588,Pueyrredón,661,D5750,LA TOMA VIEJA
9589,Pueyrredón,298,S3051,ALEJANDRA
9590,San Martín,902,W3344,MORICA
9591,Sarmiento,813,B7263,CUMBEAO
9592,Güemes,88,L8212,SAN DIEGO
9593,Alberdi,244,D5731,LOS CISNES
9594,Urquiza,160,M5582,CARRIL NORTE
9595,San Martín,792,L8201,BARRANCAS COLORADAS (CHACHARRAMENDI
9596,España,843,L6323,VISTA ALEGRE
9597,Moreno,824,X5194,LOS CERRILOS (VILLA GRAL.BELGRANO-DPTO.CALAMUCHITA)
9598,Pueyrredón,807,X5963,EL CARRIZAL (VILLA DEL ROSARIO
9599,Alberdi,678,G4189,LAS LAJAS
9600,French,35,H3730,CABRAL
9601,Mitre,837,U9121,SALINAS GRANDES
9602,Rivadavia,864,B7318,COLONIA RUSA
9603,San Martín,293,X5909,LAS MOJARRAS
9604,Dorrego,317,B6645,MAXIMO FERNANDEZ
9605,Güemes,984,S3560,RECONQUISTA
9606,Dorrego,582,P3601,LA LUCRECIA
9607,San Martín,658,M5527,LAGUNITA
9608,Tucumán,132,G4197,EL SALADILLO
9609,Mitre,431,N3315,KILOMETRO 28 PICADA SAN JAVIER
9610,Mitre,542,B6703,RUTA 8 KILOMETRO 77
9611,Pueyrredón,969,B7245,SANTIAGO LARRE
9612,Mitre,389,G4353,SANTA RITA (ARMONIA-DPTO.MORENO)
9613,Chile,133,B8160,FORTIN CHACO
9614,Urquiza,604,B2905,COLONIA LA ALICIA
9615,Mitre,632,B1686,PEREYRA (HURLINGHAM
9616,Urquiza,549,X5284,CHACRAS DEL POTRERO
9617,España,251,X5249,EL TULE
9618,Tucumán,470,G3749,BAHIA BLANCA
9619,Alsina,665,E3263,KILOMETRO 268 (APEADERO FCGU)
9620,Laprida,807,G3736,EL VEINTE
9621,Sarmiento,334,B1649,ARROYO LIMA
9622,San Martín,540,A4554,MONTE CARMELO
9623,Alberdi,905,E3164,DON CRISTOBAL
9624,Alberdi,373,B1864,EMPALME SAN VICENTE
9625,Dorrego,203,W3416,MATADERO SANTA CATALINA
9626,Rivadavia,186,F5470,PUNTA DEL CERRO
9627,Belgrano,426,R8403,PASO MIRANDA
9628,Belgrano,122,T4178,LA FLOR
9629,French,53,S2206,CAMPO PALETTA
9630,O'Higgins,487,U9200,ARROYO PESCADO
9631,Dorrego,488,G4350,CARRETERO
9632,Saavedra,171,K4741,AMANAO
9633,Moreno,384,B7163,HINOJALES
9634,San Martín,650,E3150,NOGOYA
9635,Urquiza,152,A4407,KILOMETRO 1172
9636,Pueyrredón,819,M5570,SANTA RITA
9637,Alberdi,278,A4126,LA ASUNCION
9638,Moreno,837,R8332,LA COSTA
9639,Belgrano,620,G4354,SAN CAYETANO
9640,Belgrano,97,B1722,MERLO ESTAFETA No.3
9641,Moreno,189,T4134,ARENILLA
9642,Alsina,869,W3432,YUQUERI (BELLA VISTA - DPTO. BELLA VISTA)
9643,Moreno,249,T4161,DONATO ALVAREZ
9644,Lavalle,43,W3446,SANTIAGO ALCORTA
9645,Rivadavia,601,E3170,NOVIBUCO PRIMERO
9646,Saavedra,668,F5473,BALDE DEL QUEBRACHO
9647,Dorrego,415,G4353,SANTA RITA (ARMONIA-DPTO.MORENO)
9648,San Martín,622,X5915,CAMPO AMBROGGIO
9649,Güemes,303,G5255,CORRAL DE CARCOS
9650,San Martín,67,X5871,SAN RAFAEL (LAS TOSCAS-DPTO.SAN ALBERTO)
9651,Dorrego,426,A4535,EL SOLDADITO
9652,French,438,B7247,JUAN TRONCONI
9653,Güemes,753,D6277,EL VERANO (BUENA ESPERANZA
9654,Alsina,806,S3551,KILOMETRO 320
9655,Tucumán,161,X2563,SAN JOSE (NOETINGER-DPTO.UNION)
9656,Dorrego,357,R8417,CHASICO
9657,Moreno,430,B6561,LA PROTEGIDA (ESPIGAS
9658,Dorrego,397,K4750,BARRIO ARTAZA
9659,Saavedra,413,P3615,ESPINILLO (DPTO. PILAGAS)
9660,España,892,L6300,SANTA ROSA
9661,French,871,B7228,ABBOTT
9662,Urquiza,729,X5220,COLUMBO
9663,Pueyrredón,124,G5251,EL ABRA (VILLA QUEBRACHOS
9664,Dorrego,124,B7135,CUARTEL 8o.
9665,Lavalle,508,B6003,INGENIERO WILLIAMS
9666,Urquiza,727,A4535,PALMARCITO
9667,Lavalle,282,E3132,KILOMETRO 116 (APEADERO FCGU)
9668,Mitre,168,Q8353,LOS CISNES
9669,Saavedra,344,X5875,COME TIERRA
9670,Dorrego,128,B7503,LA FELICIANA
9671,Mitre,525,B2718,MANZO Y NIÑO
9672,O'Higgins,316,W3448,TATACUA (SAN ROQUE - DPTO. SAN ROQUE)
9673,French,703,D5722,EL RIECITO
9674,Chile,775,Y4644,QUENTI TACO
9675,Rivadavia,274,D5713,BALDECITO
9676,Alsina,642,G5255,SOL DE JULIO
9677,Belgrano,449,W3407,LOMAS REDONDAS
9678,Lavalle,288,X5815,LOS MEDANOS
9679,Güemes,276,D5883,LOS ESPINILLOS
9680,Güemes,149,E2824,ALMADA
9681,Urquiza,792,X5218,LA CALERA (JAIME PETER- DPTO.ISCHILLIN)
9682,Alberdi,30,T4105,SANTA BARBARA (LOS AGUIRRE
9683,Güemes,195,M5609,MONTE COMAN
9684,Alberdi,171,T4107,PIE DEL ACONQUIJA
9685,Sarmiento,786,T4172,MASCIO PILCO
9686,Pueyrredón,503,B1931,PUNTA LARA
9687,San Martín,307,U9039,HITO 45
9688,Mitre,680,B1900,CIRCUNVALACION
9689,Saavedra,737,X5153,YCHO CRUZ SIERRAS
9690,Pueyrredón,58,B6612,HARAS LA ELVIRA
9691,Belgrano,289,M5637,PAMPA DEL TIGRE (EMBARCADERO FCGSM)
9692,Rivadavia,747,D6279,LAS CARRETAS
9693,Belgrano,642,B7620,LA PARA
9694,Saavedra,996,T4172,MASCIO SUD
9695,Alsina,767,G4200,VILLA GRIMANESA
9696,Lavalle,638,U9031,BAJO LA CANCHA
9697,Güemes,108,S2445,MANGORE
9698,España,649,S3000,BARRIO VILLA DEL PARQUE
9699,Sarmiento,95,D5753,LAS TOSCAS
9700,Saavedra,742,X5009,CERRO DE LAS ROSAS
9701,Alsina,973,U9107,LAS CHAPAS (ESTACION FCGR)
9702,Alsina,796,M5539,BARRIO INFANTA DE SAN MARTIN
9703,Alsina,487,U9023,CERRO VALCHETAN
9704,Saavedra,284,G3741,EL NOVENTA
9705,Dorrego,931,A4193,LAS TUNILLAS
9706,Alberdi,929,G4356,VILLA ESQUINA
9707,Dorrego,628,U9213,CAÑADON GRANDE
9708,España,512,B1649,ARROYO PAYCARABI
9709,Dorrego,453,Q8341,LAPACHAL
9710,España,503,G4302,PALERMO (CHAUPI POZO
9711,Lavalle,513,W3450,OCHO DE DICIEMBRE
9712,España,824,G4336,HUYAMAMPA
9713,Dorrego,277,X2561,LOS MOLLES (CHILIBROSTE-DPTO.UNION)
9714,Sarmiento,898,G5255,SOL DE JULIO
9715,España,114,A4409,MESETA (APEADERO FCGB)
9716,Laprida,623,G4189,GUANACUYOJ
9717,French,37,B6600,MERCEDES ESTAFETA No.4
9718,Lavalle,844,G2354,EL CHARABON
9719,Sarmiento,104,B6450,PEHUAJO
9720,Moreno,361,T4103,VILLA MITRE
9721,Moreno,175,G4208,YALAN (LORETO
9722,Saavedra,677,R8415,ÑORQUINCO
9723,Chile,862,R8503,LA FLECHA
9724,Dorrego,497,E2823,ARROYO BUEN PASTOR
9725,Mitre,240,X5287,PIEDRAS ANCHAS (TUCLAME-DPTO.CRUZ DEL EJE)
9726,Mitre,22,G4206,MAGUITO
9727,Sarmiento,853,F5301,SANTA TERESA
9728,O'Higgins,748,M5531,EL ALTILLO (SANTA BLANCA
9729,Alberdi,161,H3505,LA PILAR
9730,Laprida,238,D5755,SAN ANTONIO (SAN MARTIN
9731,O'Higgins,887,P3624,LA INMACULADA
9732,Lavalle,159,B1759,RUTA 3 KILOMETRO 29
9733,Lavalle,925,U9009,AGUADA DEL TORO
9734,Urquiza,346,X5221,POZO CORREA
9735,Laprida,278,D6216,LOS LOROS
9736,Moreno,894,R8307,LOS SAUCES
9737,San Martín,628,B7600,MAR DEL PLATA ESTAFETA No.38
9738,Laprida,974,N3332,CAINGUAS
9739,Laprida,154,B7113,BALNEARIO AGUAS VERDES
9740,Chile,711,R8514,NUEVO LEON
9741,Urquiza,548,M5527,VERGEL
9742,Alberdi,648,A4198,TAMAS CORTADAS
9743,Güemes,583,Q8341,LA ARBOLEDA
9744,Alsina,77,G4201,ARAGONES
9745,San Martín,606,S2124,CORONEL AGUIRRE
9746,Dorrego,238,X5192,DIQUE LOS MOLINOS
9747,O'Higgins,809,B6341,FRANCISCO MURATURE
9748,Belgrano,330,B8506,JOSE B. CASAS
9749,Laprida,432,G4221,LAS CEJAS (DPTO. RIO HONDO)
9750,España,178,M5577,VILLA RIVADAVIA
9751,San Martín,920,G5255,TACO POZO (DPTO. QUEBRACHOS)
9752,España,776,B1776,BARRIO SAN SEBASTIAN
9753,Chile,786,X5907,ALTO ALEGRE (DEPTO. UNION)
9754,Alberdi,548,J5405,LEONCITO
9755,Alsina,999,X5153,VILLA COSTA AZUL
9756,España,835,G4313,TALA POZO (ATOJ POZO
9757,Lavalle,327,U9107,TOMA DE LOS CANALES
9758,French,184,X5925,MARIA
9759,Saavedra,797,S3046,CAMPO BERRAZ
9760,Laprida,255,H3701,MALBALAES (LOTE 45 Y 46)
9761,Rivadavia,852,B1886,CAMINO GRAL.BELGRANO (KM.27 AL 30
9762,Alberdi,811,T4117,EL OJO (MARIÑO
9763,España,285,E3200,CONCORDIA
9764,Saavedra,906,J5449,EL CHAÑAR
9765,Rivadavia,728,P3601,EL PINDO
9766,Tucumán,492,B1808,ERRAMOUSPE
9767,Güemes,491,F5300,BAJO HONDO (LA RIOJA
9768,Lavalle,287,D5770,EL BAÑADO (CONCARAN
9769,Rivadavia,613,T4122,VIPOS
9770,Güemes,409,Y4503,LOS BALLOS
9771,Lavalle,161,A4550,CORZUELA
9772,Rivadavia,408,G4350,CARRETERO
9773,Chile,645,Z9400,ADELA
9774,Tucumán,156,G5251,LA AGUADITA
9775,Alberdi,762,S3561,EWALD
9776,Pueyrredón,773,X5012,BARRIO RESIDENCIAL AMERICA
9777,Laprida,151,N3361,YERBAL VIEJO SECCION 2
9778,French,585,K5317,MUTQUIN
9779,Alsina,830,T4146,SAN JOSE (CONCEPCION
9780,Tucumán,848,G5255,SAN PEDRO (BAEZ-DPTO. OJO DE AGUA)
9781,Rivadavia,651,J5467,MACLACASTO
9782,Dorrego,383,T4155,CHAVARRIA
9783,Alberdi,477,G3714,COLOMBIA
9784,Güemes,20,H3703,PAMPA FLORIDA
9785,España,260,E3170,BASAVILBASO
9786,Tucumán,514,U9111,ERNANI
9787,Urquiza,551,F5361,CAMPANAS
9788,Belgrano,57,T4117,FINCA LOPEZ
9789,Urquiza,704,D5715,BALDE DE QUINES
9790,Güemes,786,B1981,KILOMETRO 77 (APEADERO FCGB) (LOMA VERDE
9791,Sarmiento,458,E3174,ROSARIO DEL TALA
9792,Rivadavia,745,G4302,CHAUPI POZO
9793,Tucumán,351,K4751,FARALLON NEGRO
9794,Güemes,325,D5770,LOS QUEBRACHOS
9795,Belgrano,800,T4166,RINCON DE BALDERRAMA
9796,French,712,B1885,PLATANOS
9797,Tucumán,22,H3518,GUAYCURU
9798,Pueyrredón,162,D5753,CASA DE PIEDRA (DPTO. SAN MARTIN)
9799,French,986,E3260,SANTA MARTA (CONCEPCION DEL URUGUAY
9800,Sarmiento,873,A4409,LAS CEBADAS
9801,Lavalle,140,K4741,CARAPUNCO
9802,Tucumán,55,G4324,PERCAS
9803,Rivadavia,434,S3580,KILOMETRO 408 (DESVIO PARTICULAR FCGB)
9804,Tucumán,882,Y4624,HUCHAIRA
9805,Alberdi,928,X2400,BARRIO LOPEZ Y PLANES
9806,Chile,509,K4701,SAN ANTONIO (ANCASTI-DPTO.ANCASTI)
9807,Dorrego,493,U9227,RIO FRIAS
9808,Moreno,169,X5166,OLAEN
9809,Lavalle,321,E3153,QUINTO CUARTEL VICTORIA
9810,España,885,U9007,VISSER
9811,Pueyrredón,350,U9105,BETESTA
9812,Tucumán,844,E3267,COLONIA LAS PEPAS
9813,Saavedra,319,B6475,LA HIGUERA
9814,Belgrano,185,A4423,CHICOANA
9815,Moreno,962,B7630,BARRIO ROSI
9816,Urquiza,229,E3218,LA CARLOTA
9817,Dorrego,319,X5178,CUCHI CORRAL
9818,Mitre,418,G4319,VARAS CUCHUNA
9819,O'Higgins,534,G4328,COLONIA ISLA
9820,Rivadavia,488,Y4605,RIO BLANCO (PERICO DE SAN ANTONIO
9821,Mitre,826,W3418,VILLA SAN JUAN
9822,Saavedra,253,X5244,PISCO HUASI
9823,Rivadavia,869,B1686,JUAN BAUTISTA DE LA SALLE (PARADA FCGU)
9824,Rivadavia,295,P3628,VILLA GRAL. URQUIZA
9825,Güemes,546,B1713,PARQUE LELOIR
9826,O'Higgins,43,J5403,CALINGASTA
9827,Rivadavia,834,P3632,DOCTOR EZEQUIEL RAMOS MEJIA
9828,Laprida,441,T4174,LOS MENDOZAS
9829,O'Higgins,127,T4101,COLONIA SAN RAMON
9830,Belgrano,807,Z9400,LAGUNA BENITO
9831,Alsina,717,M5615,LOS REYUNOS
9832,Moreno,243,H3732,COLONIA ECONOMICA
9833,French,752,B7212,DOCTOR DOMINGO HAROSTEGUY
9834,Sarmiento,420,B6725,CARMEN DE ARECO
9835,Belgrano,259,L6228,EL PORVENIR (CNEL. HILARIO LAGOS
9836,Pueyrredón,620,G5253,LA PORFIA
9837,Rivadavia,71,D6216,LOS LOROS
9838,Chile,138,X5857,VILLA SIERRAS DEL LAGO
9839,Rivadavia,243,B6503,DESVIO KILOMETRO 234
9840,O'Higgins,632,A4193,SAN ROQUE
9841,Saavedra,377,Y4600,CHUQUINA
9842,Alsina,348,N3350,ARROYO TUNITAS
9843,Sarmiento,279,M5541,EL ALGARROBAL (DPTO. LAS HERAS)
9844,Rivadavia,118,P3603,GENERAL PABLO RICCHIERI
9845,Rivadavia,923,B6341,COLONIA MURATURE
9846,Dorrego,865,G2354,SAN JOSE (SELVA
9847,French,369,L6333,LA CELINA (QUEMU QUEMU
9848,French,364,B1649,RIO SAN ANTONIO
9849,O'Higgins,736,X5209,NAVARRO
9850,Pueyrredón,778,J5460,AGUA DE LOS CABALLOS
9851,O'Higgins,626,B2707,CUATRO DE NOVIEMBRE
9852,Moreno,778,T4137,CARAPUNCO
9853,Alberdi,745,D5755,EL BAJO
9854,Rivadavia,774,G4354,LA TAPA
9855,Laprida,959,J5425,COLONIA ZABALA
9856,French,638,E3281,COLONIA 1º DE MAYO
9857,O'Higgins,137,S3014,YAMANDU (APEADERO FCGB)
9858,Laprida,74,D5711,PUESTO TALAR
9859,Sarmiento,956,G4238,LA CHILCA (SAN PEDRO
9860,Moreno,942,X2568,MORRISON
9861,Urquiza,89,D5701,PAMPA DEL TAMBORERO
9862,Mitre,599,G5206,LA HIGUERA (ARRAGA
9863,Chile,152,X2419,COLONIA VIGNAUD
9864,French,346,G4225,QUEBRACHOS (SAN COSME-DPTO. RIO HONDO)
9865,Tucumán,291,L6365,VERTIZ
9866,Pueyrredón,549,B1649,ARROYO LOS LOBOS (PDO.SAN FERNANDO)
9867,Saavedra,239,R8520,AGUADA DEL LORO
9868,Belgrano,793,B6515,CARLOS MARIA NAON
9869,Alberdi,998,T4142,LA IGUANA
9870,French,156,B6032,BLANDENGUES
9871,Rivadavia,567,R8400,LOS JUNCOS (DPTO. PILCANIYEU)
9872,Lavalle,463,B7226,KILOMETRO 146 (APEADERO FCGR.)
9873,Laprida,453,D5750,LA ALAMEDA (LA TOMA - DPTO. PRINGLES)
9874,Sarmiento,259,F5276,KILOMETRO 645 (APEADERO FCGB)
9875,Belgrano,608,B1878,QUILMES ESTAFETA Nº1
9876,O'Higgins,152,U9003,PETROQUIMICA (DESVIO PARTICULAR FCGR)
9877,Belgrano,303,X5299,LA TABLADA (POCHO-DPTO.POCHO)
9878,Dorrego,870,G4220,ESPINAL
9879,Tucumán,254,S2105,URANGA
9880,Laprida,296,E3174,LA OLLITA
9881,French,358,E3170,KILOMETRO 231 (APEADERO FCGU)
9882,Laprida,688,L6228,COLONIA DENEVI
9883,Pueyrredón,344,B1663,SAN MIGUEL ESTAFETA Nº3
9884,Sarmiento,913,K4230,EL VALLECITO (FRIAS
9885,Chile,101,D5753,SAUCE
9886,Sarmiento,234,H3514,GENERAL DONOVAN
9887,Lavalle,902,G2356,EL GALPON
9888,Belgrano,490,G4338,BAJO GRANDE (CLODOMIRA
9889,Lavalle,465,H3703,LA POBLADORA
9890,Chile,944,D5831,POSTE DE FIERRO
9891,Güemes,995,G3712,CAMPO LA ANGELITA
9892,Dorrego,825,J5442,AMBAS PUNTILLAS
9893,Tucumán,516,S2456,KILOMETRO 483
9894,Rivadavia,651,Y4603,CATAMONTAÑA
9895,French,199,T4242,QUEBRACHITO
9896,Dorrego,379,B7316,NIEVES
9897,Urquiza,309,B6605,KILOMETRO 90 (APEADERO FCGB)
9898,Laprida,652,B7630,NECOCHEA ESTAFETA Nº11
9899,Belgrano,903,D5771,LOS LOBOS (DPTO. JUNIN)
9900,Laprida,322,Q8340,LA POCHOLA
9901,Alberdi,450,N3353,PICADA SAN JAVIER (ITACARUARE
9902,French,514,L6319,LA MOROCHA
9903,Dorrego,105,X5284,MANDALA
9904,Dorrego,587,P3636,PUERTO IRIGOYEN
9905,Güemes,231,G4351,TABIANITA
9906,Dorrego,370,D5773,LA CRISTINA
9907,Chile,997,B2935,KILOMETRO 172
9908,Dorrego,833,X5123,EL OCHENTA
9909,San Martín,83,B1649,RIO PARANA MINI
9910,French,451,Q8371,PIEDRA MALA
9911,Rivadavia,595,B7007,FULTON
9912,Chile,678,R8520,AGUADA DEL LORO
9913,Laprida,321,U9207,EL CORKEL
9914,Saavedra,229,G4351,PUNTA DE RIELES
9915,Alsina,75,A4554,CAMPO LIBRE
9916,Lavalle,203,D5721,PAJE
9917,Chile,787,B7243,SOL DE MAYO (PDO. NAVARRO)
9918,Tucumán,395,H3518,CANCHA LARGA
9919,Chile,704,B7521,LA GAVIOTA
9920,Alsina,917,F5381,LOMA BLANCA
9921,Güemes,71,T4152,SANTA ISABEL
9922,Belgrano,444,T4124,CHULCA
9923,San Martín,851,B1714,MERLO GOMEZ
9924,Rivadavia,74,B8185,COLONIA LEVEN
9925,Lavalle,743,T4178,EL BAGUAL
9926,Lavalle,42,S3567,DESTACAMENTO AERONAUTICO MILITAR RECONQUISTA
9927,Rivadavia,286,B8181,ALTA VISTA
9928,Rivadavia,783,S3052,LA CRIOLLA
9929,Mitre,616,B7630,NECOCHEA ESTAFETA Nº16
9930,Alberdi,636,K4230,CORRALITOS
9931,Laprida,919,A4407,LAS ARCAS
9932,Dorrego,1000,X5123,KILOMETRO 692 (fcgm)
9933,Dorrego,689,H3518,GUAYCURU
9934,Rivadavia,277,T4242,CHAÑARITOS
9935,Moreno,33,E3190,COLONIA MAXIMO CASTRO
9936,Dorrego,66,B1980,KILOMETRO 82 (APEADERO FCGR.
9937,Tucumán,844,H3722,PAMPA DEL TORDILLO
9938,España,793,T4176,SOLEDAD (LA MADRID
9939,San Martín,266,E2828,LAS MACITAS
9940,Laprida,739,R8536,PIEDRA CLAVADA
9941,O'Higgins,177,M5543,MATHIEU NORTE
9942,Pueyrredón,390,F5276,LA FLORIDA
9943,Sarmiento,72,U9007,SIERRA COLORADA
9944,Chile,387,G4319,LA PALOMA (CHILCA JULIANA-DPTO.SALAVINA)
9945,España,927,G4354,LA ESPERANZA (LA BREA
9946,Laprida,843,W3358,DOS HERMANOS
9947,Rivadavia,977,S2101,ALBARELLOS
9948,Rivadavia,179,X5125,MI GRANJA
9949,Pueyrredón,775,Q8353,FILMATUE
9950,Sarmiento,788,D5753,SAN LORENZO (LAS CHACRAS
9951,Pueyrredón,421,B1905,KILOMETRO 82 (APEADERO FCGR.
9952,Belgrano,38,A4409,EL ALFREDITO
9953,French,300,G4301,ESTEROS (DPTO. ALBERDI)
9954,Moreno,778,M5598,PAMPITA (EMBARCADERO FCGSM)
9955,Tucumán,361,S2301,CAPILLA SAN JOSE
9956,Chile,20,G4206,SILIPICA
9957,San Martín,867,S2313,MUTCHNIK
9958,Pueyrredón,427,G3712,PAMPA DELOS GUANACOS
9959,Moreno,253,G3765,LOTE 15
9960,Laprida,973,U9030,PASO RIO MAYO
9961,Pueyrredón,404,B7633,TAMANGUEYU
9962,Alsina,48,R8332,MEDIA LUNA
9963,Tucumán,732,S3000,BARRIO VILLA DEL PARQUE
9964,San Martín,207,B1744,BALNEARIO CASCALLARES
9965,Laprida,720,P3624,IBARRETA
9966,Rivadavia,205,X2686,ALEJANDRO
9967,Belgrano,607,B8138,LA ADELA
9968,Pueyrredón,80,B8136,ALGARROBO (PDO.VILLARINO)
9969,España,373,L6367,ARGENTINA BELVEDERE
9970,Rivadavia,851,Q8340,BAJADA DEL MARUCHO
9971,Pueyrredón,94,E3158,LA FAVORITA
9972,Laprida,714,K5317,APUYACO
9973,Mitre,598,G4338,LAGUNA LARGA
9974,Güemes,439,A4415,TRIGAL
9975,San Martín,775,L6380,LOTE 2 (ESCUELA 185)
9976,Chile,625,S2309,HUMBERTO 1º
9977,French,606,B7003,GARDEY
9978,Dorrego,492,X5825,LA LAGUNILLA (HOLMBERG-DPTO.RIO CUARTO)
9979,Mitre,136,B1838,LUIS GUILLON
9980,Moreno,45,X2424,JEANMAIRE
9981,España,830,X5847,CORONEL MOLDES
9982,Güemes,45,G4304,LOS QUEBRACHOS
9983,Laprida,233,X6128,LEGUZAMON
9984,Moreno,170,N3332,SAN GOTARDO
9985,Tucumán,326,B7305,CAMPODONICO
9986,Rivadavia,967,G4302,QUISHCA
9987,Dorrego,808,S3553,CAMPO DURAND
9988,Sarmiento,630,X5214,LAS CHACRAS (VILLA QUILINO-DPTO.ISCHILLIN)
9989,Rivadavia,124,W3403,MONTE GRANDE
9990,O'Higgins,900,T4122,SAUCE YACU (TAPIA DPTO. TRANCAS)
9991,Alsina,807,Z9017,EL PLUMA
9992,Güemes,717,Q8349,AGUAS DE LAS MULAS
9993,Lavalle,943,E3252,COLONIA VELEZ
9994,O'Higgins,986,B1682,MARTIN CORONADO
9995,Mitre,266,G4221,YUTO YACA
9996,O'Higgins,445,B7603,LA ELMA
9997,España,139,X5199,SAN IGNACIO (DPTO.CALAMUCHITA)
9998,Laprida,63,F5475,EL CARRIZAL
9999,Lavalle,993,D5713,LAS CHIMBAS
10000,French,154,D5730,LA ELVIRA (MERCEDES - DPTO. GRAL. PEDERNERA)
10001,Av. Corrientes,1200,C1000,CIUDAD AUTÓNOMA DE BUENOS AIRES
10002,Florida,450,C1000,CIUDAD AUTÓNOMA DE BUENOS AIRES
10003,Av. de Mayo,900,C1000,CIUDAD AUTÓNOMA DE BUENOS AIRES
10004,San Martín,650,C1000,CIUDAD AUTÓNOMA DE BUENOS AIRES
10005,Tucumán,300,C1000,CIUDAD AUTÓNOMA DE BUENOS AIRES
10006,Reconquista,520,C1000,CIUDAD AUTÓNOMA DE BUENOS AIRES
10007,Esmeralda,780,C1000,CIUDAD AUTÓNOMA DE BUENOS AIRES
10008,Sarmiento,1100,C1000,CIUDAD AUTÓNOMA DE BUENOS AIRES
10009,Callao,200,C1000,CIUDAD AUTÓNOMA DE BUENOS AIRES
10010,Libertad,150,C1000,CIUDAD AUTÓNOMA DE BUENOS AIRES
10011,Lavalle,900,C1000,CIUDAD AUTÓNOMA DE BUENOS AIRES
10012,Bartolomé Mitre,700,C1000,CIUDAD AUTÓNOMA DE BUENOS AIRES